x,y,z,yaw,index
-2.406, -0.414, -0.611, 1.21, 0
-2.402, 0.314, -0.577, 1.211, 1
-2.307, 0.326, -0.027, -0.394, 2
-2.402, -0.413, -0.61, 1.202, 0
-2.395, 0.313, -0.575, 1.204, 1
-2.311, 0.327, -0.027, -0.338, 2
-2.392, -0.411, -0.607, 1.226, 0
-2.424, 0.317, -0.582, 1.201, 1
-2.316, 0.328, -0.026, -0.358, 2
-2.388, -0.41, -0.606, 1.283, 0
-2.412, 0.316, -0.578, 1.186, 1
-2.314, 0.327, -0.026, -0.464, 2
-2.412, -0.415, -0.612, 1.241, 0
-2.415, 0.316, -0.579, 1.184, 1
-2.307, 0.326, -0.026, -0.464, 2
-2.403, -0.414, -0.61, 1.187, 0
-2.403, 0.314, -0.577, 1.2, 1
-2.305, 0.325, -0.027, -0.41, 2
-2.398, -0.413, -0.609, 1.221, 0
-2.411, 0.315, -0.578, 1.275, 1
-2.314, 0.327, -0.026, -0.349, 2
-2.403, -0.413, -0.61, 1.186, 0
-2.429, 0.318, -0.583, 1.184, 1
-2.312, 0.327, -0.026, -0.387, 2
-2.39, -0.411, -0.607, 1.188, 0
-2.419, 0.317, -0.58, 1.168, 1
-2.31, 0.326, -0.026, -0.42, 2
-2.405, -0.414, -0.611, 1.208, 0
-2.419, 0.317, -0.581, 1.146, 1
-2.309, 0.326, -0.027, -0.383, 2
-2.4, -0.413, -0.61, 1.196, 0
-2.405, 0.314, -0.577, 1.245, 1
-2.308, 0.326, -0.026, -0.439, 2
-2.402, -0.413, -0.61, 1.169, 0
-2.391, 0.312, -0.574, 1.213, 1
-2.309, 0.326, -0.027, -0.378, 2
-2.405, -0.414, -0.611, 1.169, 0
-2.39, 0.312, -0.574, 1.169, 1
-2.308, 0.326, -0.027, -0.43, 2
-2.402, -0.413, -0.61, 1.221, 0
-2.423, 0.317, -0.581, 1.185, 1
-2.306, 0.326, -0.027, -0.383, 2
-2.399, -0.412, -0.609, 1.198, 0
-2.427, 0.318, -0.582, 1.214, 1
-2.31, 0.326, -0.026, -0.42, 2
-2.398, -0.413, -0.609, 1.169, 0
-2.396, 0.313, -0.575, 1.19, 1
-2.304, 0.326, -0.026, -0.428, 2
-2.41, -0.415, -0.612, 1.187, 0
-2.405, 0.314, -0.577, 1.2, 1
-2.313, 0.327, -0.027, -0.403, 2
-2.398, -0.412, -0.609, 1.206, 0
-2.421, 0.317, -0.581, 1.162, 1
-2.322, 0.328, -0.026, -0.362, 2
-2.396, -0.412, -0.609, 1.221, 0
-2.417, 0.317, -0.58, 1.201, 1
-2.308, 0.326, -0.026, -0.419, 2
-2.402, -0.413, -0.61, 1.205, 0
-2.412, 0.316, -0.579, 1.147, 1
-2.311, 0.327, -0.026, -0.388, 2
-2.399, -0.413, -0.609, 1.165, 0
-2.408, 0.315, -0.578, 1.163, 1
-2.309, 0.326, -0.027, -0.393, 2
-2.39, -0.411, -0.607, 1.188, 0
-2.417, 0.316, -0.58, 1.151, 1
-2.306, 0.326, -0.026, -0.417, 2
-2.401, -0.413, -0.61, 1.182, 0
-2.411, 0.315, -0.579, 1.152, 1
-2.304, 0.326, -0.026, -0.428, 2
-2.397, -0.412, -0.609, 1.179, 0
-2.418, 0.317, -0.58, 1.162, 1
-2.306, 0.326, -0.026, -0.465, 2
-2.398, -0.412, -0.609, 1.191, 0
-2.416, 0.316, -0.58, 1.172, 1
-2.3, 0.325, -0.026, -0.43, 2
-2.397, -0.412, -0.609, 1.182, 0
-2.416, 0.316, -0.58, 1.172, 1
-2.301, 0.325, -0.026, -0.439, 2
-2.392, -0.412, -0.607, 1.178, 0
-2.42, 0.317, -0.581, 1.147, 1
-2.306, 0.326, -0.027, -0.383, 2
-2.402, -0.413, -0.61, 1.169, 0
-2.409, 0.315, -0.578, 1.146, 1
-2.306, 0.326, -0.027, -0.383, 2
-2.4, -0.413, -0.61, 1.173, 0
-2.406, 0.315, -0.578, 1.154, 1
-2.302, 0.325, -0.027, -0.388, 2
-2.397, -0.412, -0.609, 1.182, 0
-2.417, 0.316, -0.58, 1.174, 1
-2.305, 0.326, -0.027, -0.372, 2
-2.402, -0.413, -0.61, 1.155, 0
-2.414, 0.316, -0.58, 1.199, 1
-2.306, 0.326, -0.027, -0.383, 2
-2.405, -0.414, -0.611, 1.2, 0
-2.401, 0.314, -0.576, 1.156, 1
-2.306, 0.326, -0.026, -0.382, 2
-2.4, -0.413, -0.61, 1.173, 0
-2.409, 0.315, -0.578, 1.147, 1
-2.31, 0.326, -0.027, -0.351, 2
-2.401, -0.413, -0.61, 1.182, 0
-2.416, 0.316, -0.58, 1.172, 1
-2.309, 0.326, -0.027, -0.382, 2
-2.395, -0.412, -0.608, 1.165, 0
-2.418, 0.317, -0.58, 1.162, 1
-2.31, 0.326, -0.027, -0.351, 2
-2.397, -0.412, -0.609, 1.182, 0
-2.412, 0.316, -0.579, 1.147, 1
-2.318, 0.328, -0.026, -0.347, 2
-2.401, -0.413, -0.61, 1.182, 0
-2.418, 0.317, -0.58, 1.162, 1
-2.313, 0.327, -0.026, -0.402, 2
-2.4, -0.413, -0.61, 1.196, 0
-2.418, 0.317, -0.58, 1.162, 1
-2.308, 0.326, -0.026, -0.403, 2
-2.39, -0.411, -0.607, 1.194, 0
-2.41, 0.315, -0.578, 1.183, 1
-2.304, 0.325, -0.027, -0.403, 2
-2.399, -0.413, -0.609, 1.178, 0
-2.413, 0.316, -0.579, 1.183, 1
-2.311, 0.327, -0.026, -0.378, 2
-2.395, -0.412, -0.608, 1.165, 0
-2.417, 0.316, -0.58, 1.183, 1
-2.309, 0.326, -0.027, -0.387, 2
-2.395, -0.412, -0.608, 1.178, 0
-2.412, 0.316, -0.579, 1.147, 1
-2.306, 0.326, -0.027, -0.383, 2
-2.395, -0.412, -0.608, 1.178, 0
-2.402, 0.314, -0.577, 1.159, 1
-2.304, 0.325, -0.027, -0.403, 2
-2.4, -0.413, -0.61, 1.188, 0
-2.421, 0.317, -0.581, 1.174, 1
-2.31, 0.326, -0.026, -0.381, 2
-2.395, -0.412, -0.608, 1.211, 0
-2.415, 0.316, -0.58, 1.192, 1
-2.306, 0.326, -0.027, -0.383, 2
-2.393, -0.412, -0.608, 1.171, 0
-2.408, 0.315, -0.578, 1.156, 1
-2.31, 0.326, -0.027, -0.353, 2
-2.394, -0.412, -0.608, 1.188, 0
-2.415, 0.316, -0.58, 1.155, 1
-2.31, 0.326, -0.026, -0.42, 2
-2.402, -0.413, -0.61, 1.206, 0
-2.418, 0.317, -0.58, 1.162, 1
-2.302, 0.325, -0.026, -0.451, 2
-2.398, -0.412, -0.609, 1.188, 0
-2.419, 0.317, -0.581, 1.181, 1
-2.306, 0.326, -0.026, -0.465, 2
-2.398, -0.412, -0.609, 1.184, 0
-2.42, 0.317, -0.581, 1.212, 1
-2.308, 0.326, -0.026, -0.454, 2
-2.385, -0.409, -0.606, 1.259, 0
-2.409, 0.316, -0.577, 1.112, 1
-2.298, 0.325, -0.024, -0.333, 2
-2.387, -0.408, -0.605, 1.241, 0
-2.399, 0.316, -0.572, 1.257, 1
-2.32, 0.329, -0.023, -0.349, 2
-2.411, -0.411, -0.612, 1.257, 0
-2.389, 0.316, -0.571, 1.165, 1
-2.311, 0.328, -0.024, -0.495, 2
-2.41, -0.41, -0.615, 1.277, 0
-2.404, 0.318, -0.577, 1.255, 1
-2.316, 0.329, -0.027, 1.412, 2
-2.397, -0.411, -0.61, 1.241, 0
-2.418, 0.317, -0.581, 1.224, 1
-2.311, 0.327, -0.027, -0.414, 2
-2.41, -0.416, -0.612, 1.198, 0
-2.395, 0.312, -0.575, 1.254, 1
-2.295, 0.323, -0.027, -0.445, 2
-2.404, -0.415, -0.609, 1.245, 0
-2.402, 0.312, -0.576, 1.199, 1
-2.313, 0.326, -0.025, -0.358, 2
-2.42, -0.415, -0.611, 1.24, 0
-2.436, 0.319, -0.58, 1.211, 1
-2.304, 0.325, -0.021, -0.31, 2
-2.409, -0.411, -0.609, 1.284, 0
-2.391, 0.316, -0.569, 1.203, 1
-2.308, 0.326, -0.021, -0.315, 2
-2.42, -0.413, -0.611, 1.276, 0
-2.409, 0.317, -0.572, 1.181, 1
-2.296, 0.324, -0.02, -0.308, 2
-2.403, -0.411, -0.606, 1.299, 0
-2.408, 0.316, -0.572, 1.137, 1
-2.31, 0.326, -0.021, -0.304, 2
-2.39, -0.41, -0.605, 1.338, 0
-2.433, 0.319, -0.58, 1.227, 1
-2.312, 0.327, -0.024, -0.336, 2
-2.393, -0.412, -0.608, 1.171, 0
-2.403, 0.314, -0.577, 1.201, 1
-2.305, 0.326, -0.028, -0.405, 2
-2.409, -0.416, -0.616, 1.286, 0
-2.393, 0.312, -0.58, 1.245, 1
-2.313, 0.327, -0.033, -0.388, 2
-2.402, -0.415, -0.619, 1.275, 0
-2.397, 0.312, -0.587, 1.268, 1
-2.309, 0.327, -0.039, -0.551, 2
-2.405, -0.416, -0.621, 1.246, 0
-2.407, 0.313, -0.593, 1.266, 1
-2.304, 0.328, -0.04, -0.445, 2
-2.418, -0.416, -0.622, 1.218, 0
-2.423, 0.318, -0.597, 1.197, 1
-2.306, 0.334, -0.041, -0.296, 2
-2.417, -0.408, -0.623, 1.21, 0
-2.383, 0.32, -0.592, 1.236, 1
-2.306, 0.342, -0.046, -0.515, 2
-2.388, -0.4, -0.623, 1.326, 0
-2.383, 0.324, -0.601, 1.258, 1
-2.297, 0.344, -0.055, -0.569, 2
-2.383, -0.4, -0.626, 1.248, 0
-2.395, 0.325, -0.609, 1.207, 1
-2.304, 0.345, -0.057, -0.442, 2
-2.375, -0.399, -0.618, 1.243, 0
-2.406, 0.325, -0.604, 1.304, 1
-2.303, 0.342, -0.048, -0.408, 2
-2.379, -0.398, -0.611, 1.236, 0
-2.402, 0.327, -0.591, 1.306, 1
-2.317, 0.344, -0.038, -0.284, 2
-2.41, -0.398, -0.612, 1.175, 0
-2.392, 0.33, -0.581, 1.243, 1
-2.318, 0.349, -0.033, -0.254, 2
-2.411, -0.392, -0.611, 1.186, 0
-2.405, 0.337, -0.584, 1.155, 1
-2.317, 0.355, -0.032, -0.368, 2
-2.423, -0.386, -0.61, 1.13, 0
-2.407, 0.345, -0.583, 1.226, 1
-2.318, 0.364, -0.03, -0.316, 2
-2.432, -0.378, -0.606, 1.182, 0
-2.403, 0.353, -0.575, 1.33, 1
-2.315, 0.372, -0.022, -0.275, 2
-2.409, -0.366, -0.594, 1.084, 0
-2.411, 0.364, -0.569, 1.227, 1
-2.316, 0.379, -0.014, -0.456, 2
-2.402, -0.36, -0.584, 1.269, 0
-2.386, 0.364, -0.556, 1.308, 1
-2.301, 0.38, -0.007, -0.183, 2
-2.426, -0.366, -0.58, 1.284, 0
-2.376, 0.361, -0.545, 1.233, 1
-2.3, 0.378, 0.001, -0.286, 2
-2.408, -0.369, -0.564, 1.38, 0
-2.386, 0.356, -0.538, 1.208, 1
-2.286, 0.37, 0.012, -0.359, 2
-2.406, -0.374, -0.552, 1.303, 0
-2.397, 0.353, -0.529, 1.215, 1
-2.293, 0.37, 0.022, -0.179, 2
-2.405, -0.371, -0.541, 1.121, 0
-2.412, 0.359, -0.524, 1.298, 1
-2.312, 0.381, 0.031, 0.015, 2
-2.414, -0.359, -0.535, 1.07, 0
-2.408, 0.372, -0.517, 1.152, 1
-2.292, 0.391, 0.036, -0.076, 2
-2.443, -0.35, -0.538, 0.935, 0
-2.422, 0.387, -0.517, 1.159, 1
-2.292, 0.403, 0.039, -0.003, 2
-2.422, -0.337, -0.533, 1.11, 0
-2.385, 0.392, -0.508, 1.155, 1
-2.284, 0.41, 0.041, -0.137, 2
-2.42, -0.332, -0.537, 1.149, 0
-2.371, 0.396, -0.509, 1.235, 1
-2.281, 0.414, 0.036, -0.177, 2
-2.419, -0.331, -0.543, 1.188, 0
-2.36, 0.395, -0.515, 1.339, 1
-2.289, 0.417, 0.03, -0.119, 2
-2.4, -0.333, -0.542, 1.132, 0
-2.396, 0.398, -0.527, 1.354, 1
-2.275, 0.411, 0.027, -0.334, 2
-2.4, -0.339, -0.543, 1.134, 0
-2.374, 0.389, -0.526, 1.2, 1
-2.277, 0.408, 0.024, -0.172, 2
-2.371, -0.34, -0.54, 1.136, 0
-2.375, 0.387, -0.53, 1.254, 1
-2.279, 0.407, 0.02, -0.157, 2
-2.387, -0.343, -0.548, 1.172, 0
-2.363, 0.385, -0.532, 1.256, 1
-2.287, 0.409, 0.017, -0.144, 2
-2.396, -0.343, -0.555, 1.118, 0
-2.36, 0.386, -0.536, 1.234, 1
-2.27, 0.407, 0.013, -0.163, 2
-2.386, -0.34, -0.555, 1.132, 0
-2.358, 0.388, -0.538, 1.161, 1
-2.281, 0.411, 0.013, -0.098, 2
-2.372, -0.336, -0.55, 1.144, 0
-2.352, 0.39, -0.534, 1.215, 1
-2.27, 0.411, 0.017, -0.019, 2
-2.385, -0.335, -0.552, 1.253, 0
-2.339, 0.391, -0.531, 1.18, 1
-2.269, 0.414, 0.018, -0.241, 2
-2.353, -0.329, -0.55, 1.198, 0
-2.357, 0.397, -0.54, 1.171, 1
-2.269, 0.416, 0.013, -0.174, 2
-2.348, -0.329, -0.558, 1.178, 0
-2.344, 0.396, -0.547, 1.362, 1
-2.292, 0.42, 0.003, 0.052, 2
-2.364, -0.335, -0.571, 1.015, 0
-2.353, 0.395, -0.559, 1.256, 1
-2.281, 0.416, -0.004, 0.046, 2
-2.373, -0.342, -0.575, 1.181, 0
-2.356, 0.391, -0.563, 1.217, 1
-2.27, 0.411, -0.006, -0.031, 2
-2.349, -0.344, -0.569, 1.08, 0
-2.36, 0.386, -0.568, 1.324, 1
-2.288, 0.412, -0.011, -0.08, 2
-2.356, -0.35, -0.571, 1.08, 0
-2.33, 0.376, -0.566, 1.19, 1
-2.268, 0.407, -0.016, -0.17, 2
-2.355, -0.352, -0.567, 1.056, 0
-2.361, 0.379, -0.574, 1.172, 1
-2.287, 0.413, -0.015, -0.068, 2
-2.37, -0.35, -0.565, 1.117, 0
-2.344, 0.38, -0.567, 1.107, 1
-2.294, 0.42, -0.012, -0.07, 2
-2.357, -0.339, -0.559, 0.867, 0
-2.358, 0.391, -0.569, 1.059, 1
-2.273, 0.426, -0.012, -0.117, 2
-2.37, -0.333, -0.561, 1.034, 0
-2.339, 0.396, -0.565, 0.999, 1
-2.267, 0.432, -0.012, -0.095, 2
-2.361, -0.327, -0.556, 1.182, 0
-2.355, 0.403, -0.567, 1.232, 1
-2.27, 0.437, -0.009, -0.053, 2
-2.351, -0.322, -0.545, 1.071, 0
-2.35, 0.404, -0.56, 1.256, 1
-2.289, 0.445, -0.003, 0.055, 2
-2.37, -0.321, -0.539, 0.957, 0
-2.354, 0.408, -0.551, 1.224, 1
-2.296, 0.451, 0.007, 0.214, 2
-2.337, -0.307, -0.521, 0.835, 0
-2.375, 0.421, -0.545, 1.413, 1
-2.285, 0.458, 0.017, 0.051, 2
-2.352, -0.295, -0.511, 0.905, 0
-2.368, 0.433, -0.53, 1.386, 1
-2.298, 0.476, 0.031, 0.076, 2
-2.332, -0.278, -0.49, 0.851, 0
-2.373, 0.449, -0.516, 1.483, 1
-2.289, 0.489, 0.046, 0.074, 2
-2.356, -0.264, -0.48, 0.806, 0
-2.378, 0.466, -0.502, -1.391, 1
-2.293, 0.506, 0.06, 0.081, 2
-2.374, -0.249, -0.471, 0.796, 0
-2.395, 0.486, -0.493, -0.757, 1
-2.26, 0.516, 0.069, 0.111, 2
-2.401, -0.235, -0.47, 0.749, 0
-2.352, 0.493, -0.481, -0.783, 1
-2.262, 0.533, 0.071, 0.113, 2
-2.403, -0.221, -0.466, 0.793, 0
-2.374, 0.514, -0.483, -0.752, 1
-2.266, 0.55, 0.075, 0.121, 2
-2.373, -0.203, -0.455, 0.793, 0
-2.364, 0.526, -0.477, -0.738, 1
-2.251, 0.561, 0.079, 0.13, 2
-2.373, -0.192, -0.448, 0.96, 0
-2.36, 0.537, -0.471, -0.715, 1
-2.258, 0.573, 0.085, 0.247, 2
-2.369, -0.187, -0.441, 1.141, 0
-2.318, 0.532, -0.458, -0.76, 1
-2.255, 0.576, 0.089, 0.319, 2
-2.393, -0.191, -0.439, 1.156, 0
-2.334, 0.532, -0.456, -0.759, 1
-2.261, 0.576, 0.094, 0.253, 2
-2.399, -0.195, -0.432, 0.995, 0
-2.336, 0.53, -0.452, -0.749, 1
-2.278, 0.58, 0.098, 0.249, 2
-2.404, -0.196, -0.428, 0.977, 0
-2.33, 0.528, -0.45, 1.156, 1
-2.262, 0.578, 0.098, 0.329, 2
-2.381, -0.194, -0.419, 0.99, 0
-2.345, 0.531, -0.453, -0.752, 1
-2.262, 0.584, 0.095, 0.242, 2
-2.389, -0.194, -0.412, 0.988, 0
-2.341, 0.53, -0.453, -0.753, 1
-2.267, 0.592, 0.095, 0.295, 2
-2.422, -0.19, -0.413, 0.82, 0
-2.331, 0.534, -0.455, 1.149, 1
-2.239, 0.597, 0.089, 0.051, 2
-2.417, -0.174, -0.414, 0.58, 0
-2.335, 0.55, -0.461, -0.733, 1
-2.254, 0.619, 0.085, 0.108, 2
-2.418, -0.158, -0.415, 0.673, 0
-2.327, 0.564, -0.463, -0.739, 1
-2.231, 0.63, 0.083, 0.131, 2
-2.398, -0.144, -0.41, 0.675, 0
-2.342, 0.581, -0.464, -0.67, 1
-2.251, 0.647, 0.086, 0.201, 2
-2.4, -0.131, -0.407, 0.798, 0
-2.346, 0.595, -0.46, -0.623, 1
-2.263, 0.664, 0.093, 0.192, 2
-2.397, -0.112, -0.4, 0.611, 0
-2.367, 0.62, -0.455, -0.579, 1
-2.25, 0.676, 0.103, 0.246, 2
-2.378, -0.093, -0.386, 0.646, 0
-2.376, 0.641, -0.443, -0.426, 1
-2.259, 0.695, 0.119, 0.261, 2
-2.381, -0.077, -0.374, 0.617, 0
-2.357, 0.653, -0.426, -0.543, 1
-2.261, 0.711, 0.131, 0.286, 2
-2.412, -0.061, -0.374, 0.637, 0
-2.322, 0.66, -0.415, -0.566, 1
-2.225, 0.715, 0.132, 0.189, 2
-2.436, -0.049, -0.385, 1.377, 0
-2.308, 0.67, -0.418, -0.614, 1
-2.243, 0.731, 0.126, 0.441, 2
-2.404, -0.043, -0.394, 1.312, 0
-2.301, 0.674, -0.43, -0.621, 1
-2.24, 0.735, 0.113, 0.412, 2
-2.394, -0.038, -0.408, 1.456, 0
-2.285, 0.675, -0.441, -0.677, 1
-2.243, 0.741, 0.099, 0.384, 2
-2.396, -0.032, -0.422, 1.376, 0
-2.292, 0.683, -0.455, -0.638, 1
-2.236, 0.743, 0.088, 0.317, 2
-2.391, -0.029, -0.43, 1.129, 0
-2.295, 0.689, -0.463, -0.631, 1
-2.237, 0.745, 0.083, 0.233, 2
-2.384, -0.029, -0.432, 1.119, 0
-2.315, 0.695, -0.47, -0.575, 1
-2.231, 0.742, 0.081, 0.239, 2
-2.381, -0.029, -0.434, 1.029, 0
-2.314, 0.695, -0.47, -0.57, 1
-2.232, 0.741, 0.082, 0.224, 2
-2.406, -0.032, -0.435, 1.093, 0
-2.297, 0.688, -0.461, -0.594, 1
-2.245, 0.741, 0.088, 0.291, 2
-2.385, -0.039, -0.424, 1.247, 0
-2.309, 0.684, -0.455, -0.61, 1
-2.234, 0.73, 0.097, 0.268, 2
-2.418, -0.049, -0.419, 1.295, 0
-2.304, 0.672, -0.443, -0.637, 1
-2.253, 0.725, 0.11, 0.297, 2
-2.409, -0.06, -0.406, 1.41, 0
-2.291, 0.657, -0.427, -0.621, 1
-2.215, 0.702, 0.119, 0.202, 2
-2.425, -0.071, -0.4, 0.888, 0
-2.292, 0.647, -0.417, -0.627, 1
-2.228, 0.695, 0.128, 0.235, 2
-2.395, -0.081, -0.392, 0.907, 0
-2.329, 0.645, -0.419, -0.594, 1
-2.233, 0.686, 0.131, 0.274, 2
-2.402, -0.087, -0.392, 0.946, 0
-2.319, 0.637, -0.417, -0.612, 1
-2.251, 0.689, 0.132, 0.273, 2
-2.373, -0.088, -0.388, 1.065, 0
-2.329, 0.638, -0.418, -0.608, 1
-2.236, 0.682, 0.131, 0.324, 2
-2.366, -0.092, -0.389, 1.099, 0
-2.321, 0.632, -0.418, -0.599, 1
-2.261, 0.684, 0.131, 0.275, 2
-2.386, -0.099, -0.395, 1.008, 0
-2.328, 0.626, -0.419, -0.639, 1
-2.254, 0.673, 0.131, 0.255, 2
-2.373, -0.106, -0.394, 1.118, 0
-2.33, 0.619, -0.418, -0.622, 1
-2.246, 0.663, 0.132, 0.268, 2
-2.359, -0.109, -0.389, 1.164, 0
-2.337, 0.617, -0.416, -0.614, 1
-2.247, 0.662, 0.134, 0.27, 2
-2.366, -0.109, -0.386, 1.089, 0
-2.309, 0.611, -0.406, -0.645, 1
-2.259, 0.668, 0.14, 0.294, 2
-2.352, -0.105, -0.377, 1.109, 0
-2.326, 0.618, -0.403, -0.633, 1
-2.269, 0.673, 0.148, 0.423, 2
-2.362, -0.104, -0.372, 1.104, 0
-2.329, 0.621, -0.395, -0.645, 1
-2.259, 0.671, 0.155, 0.364, 2
-2.364, -0.101, -0.367, 1.206, 0
-2.331, 0.624, -0.388, -0.6, 1
-2.256, 0.674, 0.16, 0.335, 2
-2.382, -0.095, -0.369, 1.331, 0
-2.329, 0.63, -0.387, -0.621, 1
-2.245, 0.676, 0.159, 0.296, 2
-2.365, -0.088, -0.372, 1.506, 0
-2.312, 0.633, -0.389, -0.63, 1
-2.263, 0.688, 0.155, 0.318, 2
-2.379, -0.081, -0.384, 1.568, 0
-2.32, 0.642, -0.399, -0.64, 1
-2.254, 0.692, 0.146, 0.296, 2
-2.385, -0.072, -0.395, 1.441, 0
-2.31, 0.649, -0.405, -0.641, 1
-2.261, 0.702, 0.139, 0.237, 2
-2.402, -0.061, -0.405, 1.449, 0
-2.311, 0.661, -0.412, -0.615, 1
-2.251, 0.71, 0.134, 0.204, 2
-2.377, -0.051, -0.409, 1.426, 0
-2.295, 0.667, -0.415, -0.613, 1
-2.25, 0.718, 0.128, 0.207, 2
-2.375, -0.042, -0.417, 1.539, 0
-2.305, 0.678, -0.424, -0.646, 1
-2.249, 0.725, 0.12, 0.202, 2
-2.372, -0.035, -0.425, 1.564, 0
-2.325, 0.692, -0.436, -0.587, 1
-2.248, 0.731, 0.113, 0.197, 2
-2.364, -0.029, -0.431, 1.508, 0
-2.311, 0.694, -0.44, -0.617, 1
-2.264, 0.742, 0.107, 0.205, 2
-2.373, -0.022, -0.438, 1.384, 0
-2.307, 0.701, -0.445, -0.607, 1
-2.254, 0.747, 0.102, 0.179, 2
-2.357, -0.016, -0.435, 1.32, 0
-2.313, 0.709, -0.448, -0.588, 1
-2.262, 0.755, 0.102, 0.197, 2
-2.364, -0.011, -0.435, 1.06, 0
-2.312, 0.714, -0.446, -0.592, 1
-2.251, 0.757, 0.105, 0.181, 2
-2.358, -0.004, -0.429, 1.092, 0
-2.337, 0.728, -0.446, -0.553, 1
-2.273, 0.77, 0.111, 0.226, 2
-2.359, 0.002, -0.426, 1.393, 0
-2.316, 0.727, -0.438, -0.569, 1
-2.248, 0.767, 0.113, 0.193, 2
-2.357, 0.007, -0.426, 1.303, 0
-2.312, 0.731, -0.437, -0.557, 1
-2.246, 0.772, 0.112, 0.156, 2
-2.371, 0.014, -0.429, 1.439, 0
-2.312, 0.739, -0.438, -0.568, 1
-2.253, 0.782, 0.111, 0.164, 2
-2.39, 0.025, -0.432, 1.062, 0
-2.324, 0.754, -0.44, -0.532, 1
-2.247, 0.792, 0.113, 0.166, 2
-2.367, 0.036, -0.422, 1.06, 0
-2.315, 0.761, -0.434, -0.511, 1
-2.242, 0.801, 0.118, 0.199, 2
-2.341, 0.044, -0.41, 1.15, 0
-2.335, 0.777, -0.431, -0.483, 1
-2.225, 0.805, 0.124, 0.168, 2
-2.358, 0.056, -0.405, 1.044, 0
-2.346, 0.792, -0.426, -0.48, 1
-2.241, 0.824, 0.131, 0.193, 2
-2.37, 0.07, -0.402, 1.096, 0
-2.32, 0.797, -0.418, -0.497, 1
-2.232, 0.836, 0.134, 0.17, 2
-2.392, 0.083, -0.404, 1.447, 0
-2.287, 0.8, -0.412, -0.499, 1
-2.236, 0.851, 0.134, 0.181, 2
-2.381, 0.096, -0.405, 1.441, 0
-2.285, 0.812, -0.414, -0.5, 1
-2.239, 0.865, 0.131, 0.182, 2
-2.4, 0.109, -0.41, 1.32, 0
-2.291, 0.828, -0.419, -0.488, 1
-2.228, 0.876, 0.127, 0.177, 2
-2.383, 0.121, -0.41, 1.401, 0
-2.273, 0.835, -0.421, -0.492, 1
-2.226, 0.888, 0.124, 0.205, 2
-2.402, 0.133, -0.416, -1.381, 0
-2.291, 0.853, -0.427, -0.467, 1
-2.225, 0.899, 0.121, 0.176, 2
-2.393, 0.143, -0.417, 1.287, 0
-2.293, 0.865, -0.43, -0.471, 1
-2.222, 0.909, 0.119, 0.161, 2
-2.376, 0.152, -0.416, 1.24, 0
-2.295, 0.876, -0.433, -0.458, 1
-2.216, 0.916, 0.118, 0.159, 2
-2.365, 0.16, -0.413, 1.095, 0
-2.3, 0.888, -0.433, -0.457, 1
-2.219, 0.927, 0.119, 0.159, 2
-2.365, 0.171, -0.412, 1.262, 0
-2.275, 0.889, -0.427, -0.448, 1
-2.22, 0.939, 0.121, 0.165, 2
-2.377, 0.183, -0.413, 1.271, 0
-2.282, 0.903, -0.428, -0.442, 1
-2.226, 0.952, 0.123, 0.192, 2
-2.389, 0.194, -0.416, 1.37, 0
-2.271, 0.909, -0.427, -0.441, 1
-2.22, 0.96, 0.121, 0.202, 2
-2.367, 0.201, -0.413, 1.167, 0
-2.264, 0.916, -0.426, -0.429, 1
-2.208, 0.964, 0.12, 0.167, 2
-2.375, 0.208, -0.415, 1.358, 0
-2.276, 0.928, -0.43, -0.43, 1
-2.201, 0.966, 0.12, 0.217, 2
-2.369, 0.214, -0.415, 1.37, 0
-2.286, 0.939, -0.431, -0.418, 1
-2.211, 0.977, 0.121, 0.19, 2
-2.357, 0.218, -0.411, 1.383, 0
-2.273, 0.939, -0.427, -0.414, 1
-2.205, 0.98, 0.122, 0.214, 2
-2.354, 0.222, -0.408, 1.165, 0
-2.282, 0.947, -0.427, -0.406, 1
-2.204, 0.985, 0.126, 0.202, 2
-2.347, 0.226, -0.403, 1.235, 0
-2.272, 0.948, -0.422, -0.406, 1
-2.205, 0.99, 0.128, 0.211, 2
-2.378, 0.236, -0.408, 1.428, 0
-2.289, 0.962, -0.423, -0.386, 1
-2.2, 0.994, 0.13, 0.169, 2
-2.356, 0.239, -0.405, 1.506, 0
-2.259, 0.956, -0.418, -0.407, 1
-2.215, 1.006, 0.13, 0.216, 2
-2.361, 0.245, -0.408, 1.52, 0
-2.265, 0.964, -0.42, -0.401, 1
-2.193, 1.0, 0.127, 0.218, 2
-2.357, 0.249, -0.411, 1.48, 0
-2.289, 0.978, -0.427, -0.389, 1
-2.223, 1.019, 0.127, 0.227, 2
-2.355, 0.253, -0.412, 1.484, 0
-2.269, 0.974, -0.425, -0.393, 1
-2.189, 1.006, 0.125, 0.167, 2
-2.366, 0.256, -0.412, 1.4, 0
-2.266, 0.975, -0.423, -0.398, 1
-2.18, 1.003, 0.126, 0.176, 2
-2.366, 0.257, -0.411, 1.342, 0
-2.264, 0.975, -0.421, -0.387, 1
-2.193, 1.012, 0.127, 0.192, 2
-2.359, 0.258, -0.409, 1.34, 0
-2.269, 0.979, -0.422, -0.395, 1
-2.199, 1.015, 0.128, 0.191, 2
-2.36, 0.258, -0.408, 1.457, 0
-2.278, 0.982, -0.423, -0.376, 1
-2.198, 1.014, 0.129, 0.191, 2
-2.361, 0.258, -0.409, 1.271, 0
-2.265, 0.977, -0.42, -0.391, 1
-2.207, 1.018, 0.129, 0.202, 2
-2.341, 0.256, -0.408, 1.301, 0
-2.276, 0.981, -0.423, -0.391, 1
-2.2, 1.014, 0.128, 0.198, 2
-2.368, 0.26, -0.417, 1.358, 0
-2.273, 0.981, -0.426, -0.392, 1
-2.206, 1.017, 0.125, 0.206, 2
-2.368, 0.261, -0.421, 1.401, 0
-2.277, 0.984, -0.429, -0.391, 1
-2.211, 1.02, 0.123, 0.192, 2
-2.367, 0.261, -0.422, 1.369, 0
-2.284, 0.987, -0.431, -0.389, 1
-2.203, 1.015, 0.122, 0.178, 2
-2.354, 0.259, -0.419, 1.264, 0
-2.272, 0.982, -0.428, -0.401, 1
-2.198, 1.012, 0.124, 0.226, 2
-2.35, 0.258, -0.415, 1.435, 0
-2.275, 0.982, -0.425, -0.387, 1
-2.201, 1.011, 0.128, 0.181, 2
-2.351, 0.258, -0.411, 1.485, 0
-2.263, 0.977, -0.417, -0.393, 1
-2.206, 1.014, 0.133, 0.193, 2
-2.344, 0.26, -0.405, 1.363, 0
-2.271, 0.983, -0.413, -0.379, 1
-2.209, 1.019, 0.14, 0.194, 2
-2.355, 0.264, -0.4, 1.263, 0
-2.266, 0.984, -0.405, -0.375, 1
-2.199, 1.017, 0.148, 0.211, 2
-2.35, 0.266, -0.39, 1.356, 0
-2.275, 0.991, -0.396, -0.373, 1
-2.197, 1.019, 0.157, 0.231, 2
-2.344, 0.269, -0.382, 1.188, 0
-2.287, 1.001, -0.388, -0.343, 1
-2.202, 1.024, 0.168, 0.249, 2
-2.342, 0.273, -0.372, 1.42, 0
-2.272, 0.998, -0.374, -0.346, 1
-2.189, 1.019, 0.18, 0.266, 2
-2.351, 0.273, -0.364, 1.558, 0
-2.259, 0.991, -0.361, -0.353, 1
-2.195, 1.019, 0.19, 0.259, 2
-2.356, 0.267, -0.359, 1.463, 0
-2.263, 0.986, -0.355, -0.342, 1
-2.188, 1.008, 0.195, 0.25, 2
-2.365, 0.26, -0.353, 1.464, 0
-2.257, 0.975, -0.348, -0.347, 1
-2.186, 1.0, 0.2, 0.264, 2
-2.383, 0.252, -0.348, 1.555, 0
-2.262, 0.966, -0.344, -0.346, 1
-2.185, 0.991, 0.204, 0.252, 2
-2.344, 0.241, -0.339, 1.345, 0
-2.271, 0.963, -0.343, -0.34, 1
-2.201, 0.995, 0.206, 0.306, 2
-2.34, 0.242, -0.338, 1.448, 0
-2.267, 0.964, -0.344, -0.349, 1
-2.176, 0.988, 0.203, 0.263, 2
-2.353, 0.25, -0.339, 1.545, 0
-2.267, 0.971, -0.343, -0.33, 1
-2.199, 1.005, 0.207, 0.295, 2
-2.356, 0.255, -0.338, 1.509, 0
-2.286, 0.985, -0.343, -0.305, 1
-2.195, 1.007, 0.212, 0.271, 2
-2.334, 0.259, -0.333, 1.403, 0
-2.279, 0.989, -0.337, -0.303, 1
-2.188, 1.01, 0.217, 0.273, 2
-2.349, 0.268, -0.33, 1.306, 0
-2.274, 0.995, -0.329, -0.282, 1
-2.184, 1.015, 0.224, 0.273, 2
-2.335, 0.274, -0.322, 1.112, 0
-2.271, 1.002, -0.321, -0.257, 1
-2.188, 1.024, 0.233, 0.273, 2
-2.342, 0.279, -0.315, 1.274, 0
-2.254, 1.0, -0.311, -0.275, 1
-2.201, 1.035, 0.243, 0.316, 2
-2.315, 0.278, -0.303, 1.249, 0
-2.26, 1.006, -0.304, -0.262, 1
-2.198, 1.036, 0.25, 0.293, 2
-2.332, 0.282, -0.297, 1.468, 0
-2.242, 0.999, -0.295, -0.259, 1
-2.194, 1.038, 0.256, 0.333, 2
-2.347, 0.284, -0.295, 1.31, 0
-2.264, 1.01, -0.296, -0.248, 1
-2.19, 1.037, 0.258, 0.313, 2
-2.328, 0.282, -0.29, 1.452, 0
-2.257, 1.008, -0.292, -0.265, 1
-2.161, 1.024, 0.258, 0.307, 2
-2.337, 0.282, -0.287, 1.433, 0
-2.257, 1.006, -0.288, -0.254, 1
-2.179, 1.031, 0.264, 0.328, 2
-2.343, 0.282, -0.284, 1.431, 0
-2.255, 1.005, -0.285, -0.248, 1
-2.164, 1.025, 0.266, 0.328, 2
-2.324, 0.283, -0.279, 1.299, 0
-2.241, 1.003, -0.281, -0.249, 1
-2.157, 1.027, 0.266, 0.312, 2
-2.328, 0.288, -0.28, 1.378, 0
-2.239, 1.008, -0.282, -0.248, 1
-2.179, 1.043, 0.268, 0.328, 2
-2.322, 0.287, -0.281, 1.293, 0
-2.248, 1.012, -0.286, -0.239, 1
-2.178, 1.042, 0.265, 0.311, 2
-2.338, 0.283, -0.284, 0.904, 0
-2.25, 1.007, -0.289, -0.236, 1
-2.18, 1.037, 0.263, 0.295, 2
-2.325, 0.276, -0.285, 1.325, 0
-2.247, 1.0, -0.291, -0.247, 1
-2.177, 1.031, 0.26, 0.321, 2
-2.336, 0.274, -0.285, 1.322, 0
-2.254, 1.001, -0.291, -0.234, 1
-2.193, 1.037, 0.264, 0.314, 2
-2.342, 0.269, -0.279, -0.791, 0
-2.237, 0.987, -0.284, -0.27, 1
-2.182, 1.025, 0.268, 0.316, 2
-2.315, 0.256, -0.267, 1.471, 0
-2.223, 0.97, -0.275, -0.274, 1
-2.167, 1.011, 0.272, 0.323, 2
-2.312, 0.247, -0.257, 1.555, 0
-2.243, 0.97, -0.271, -0.266, 1
-2.158, 1.0, 0.278, 0.315, 2
-2.327, 0.242, -0.25, 1.516, 0
-2.244, 0.963, -0.264, -0.259, 1
-2.164, 0.997, 0.284, 0.363, 2
-2.341, 0.236, -0.245, 1.399, 0
-2.251, 0.959, -0.26, -0.24, 1
-2.174, 0.994, 0.29, 0.334, 2
-2.346, 0.228, -0.244, 1.172, 0
-2.253, 0.95, -0.258, -0.252, 1
-2.168, 0.982, 0.29, 0.335, 2
-2.323, 0.216, -0.242, 1.448, 0
-2.261, 0.943, -0.258, -0.254, 1
-2.181, 0.978, 0.293, 0.334, 2
-2.318, 0.211, -0.24, 1.405, 0
-2.246, 0.932, -0.254, -0.238, 1
-2.183, 0.975, 0.296, 0.355, 2
-2.335, 0.209, -0.241, 1.257, 0
-2.247, 0.929, -0.252, -0.232, 1
-2.179, 0.966, 0.297, 0.35, 2
-2.308, 0.201, -0.239, 1.171, 0
-2.256, 0.927, -0.251, -0.228, 1
-2.184, 0.962, 0.3, 0.369, 2
-2.334, 0.198, -0.241, 1.104, 0
-2.232, 0.912, -0.246, -0.247, 1
-2.18, 0.953, 0.301, 0.36, 2
-2.308, 0.192, -0.24, 1.096, 0
-2.242, 0.913, -0.247, -0.26, 1
-2.176, 0.948, 0.301, 0.373, 2
-2.329, 0.191, -0.244, 1.243, 0
-2.247, 0.914, -0.25, -0.244, 1
-2.188, 0.951, 0.3, 0.362, 2
-2.316, 0.189, -0.246, 1.326, 0
-2.237, 0.909, -0.251, -0.257, 1
-2.18, 0.947, 0.297, 0.359, 2
-2.298, 0.186, -0.244, 1.393, 0
-2.232, 0.905, -0.252, -0.273, 1
-2.177, 0.944, 0.297, 0.346, 2
-2.299, 0.184, -0.24, 1.377, 0
-2.24, 0.906, -0.251, -0.256, 1
-2.188, 0.949, 0.3, 0.382, 2
-2.302, 0.184, -0.237, 1.365, 0
-2.244, 0.908, -0.248, -0.253, 1
-2.185, 0.95, 0.303, 0.37, 2
-2.292, 0.184, -0.231, 1.15, 0
-2.243, 0.91, -0.246, -0.235, 1
-2.165, 0.943, 0.304, 0.373, 2
-2.294, 0.184, -0.223, 1.188, 0
-2.25, 0.913, -0.24, -0.215, 1
-2.171, 0.948, 0.312, 0.389, 2
-2.297, 0.186, -0.214, 1.324, 0
-2.238, 0.909, -0.23, -0.214, 1
-2.169, 0.95, 0.32, 0.375, 2
-2.295, 0.187, -0.203, 1.365, 0
-2.236, 0.91, -0.221, -0.228, 1
-2.167, 0.953, 0.329, 0.373, 2
-2.291, 0.189, -0.192, 1.187, 0
-2.231, 0.91, -0.213, -0.207, 1
-2.161, 0.956, 0.335, 0.38, 2
-2.309, 0.193, -0.185, 1.22, 0
-2.229, 0.913, -0.207, -0.208, 1
-2.159, 0.96, 0.342, 0.386, 2
-2.295, 0.195, -0.178, 1.255, 0
-2.264, 0.93, -0.206, -0.176, 1
-2.18, 0.973, 0.349, 0.43, 2
-2.289, 0.197, -0.176, 1.205, 0
-2.225, 0.918, -0.201, -0.196, 1
-2.161, 0.969, 0.347, 0.402, 2
-2.309, 0.204, -0.18, 1.315, 0
-2.225, 0.923, -0.203, -0.209, 1
-2.185, 0.985, 0.349, 0.411, 2
-2.303, 0.206, -0.185, 1.436, 0
-2.23, 0.93, -0.208, -0.187, 1
-2.182, 0.987, 0.342, 0.411, 2
-2.286, 0.207, -0.192, 1.325, 0
-2.224, 0.93, -0.217, -0.214, 1
-2.174, 0.987, 0.331, 0.393, 2
-2.283, 0.208, -0.201, 1.246, 0
-2.229, 0.935, -0.231, -0.194, 1
-2.164, 0.986, 0.317, 0.4, 2
-2.28, 0.208, -0.209, 1.268, 0
-2.212, 0.928, -0.24, -0.215, 1
-2.162, 0.987, 0.308, 0.361, 2
-2.286, 0.208, -0.209, 1.152, 0
-2.218, 0.932, -0.242, -0.186, 1
-2.163, 0.989, 0.309, 0.358, 2
-2.266, 0.207, -0.201, 1.346, 0
-2.222, 0.934, -0.238, -0.204, 1
-2.145, 0.983, 0.314, 0.359, 2
-2.292, 0.212, -0.196, 0.919, 0
-2.196, 0.926, -0.225, -0.213, 1
-2.165, 0.994, 0.328, 0.368, 2
-2.28, 0.216, -0.185, 1.108, 0
-2.239, 0.951, -0.217, -0.15, 1
-2.152, 0.992, 0.34, 0.368, 2
-2.265, 0.221, -0.17, 0.893, 0
-2.24, 0.959, -0.2, -0.122, 1
-2.142, 0.994, 0.357, 0.379, 2
-2.265, 0.228, -0.155, 1.027, 0
-2.234, 0.965, -0.182, -0.066, 1
-2.159, 1.008, 0.378, 0.401, 2
-2.267, 0.234, -0.14, 0.843, 0
-2.225, 0.967, -0.161, -0.053, 1
-2.154, 1.01, 0.398, 0.44, 2
-2.265, 0.239, -0.126, 1.063, 0
-2.229, 0.976, -0.145, -0.054, 1
-2.143, 1.009, 0.413, 0.423, 2
-2.258, 0.242, -0.111, 1.144, 0
-2.216, 0.974, -0.127, -0.052, 1
-2.139, 1.009, 0.429, 0.438, 2
-2.262, 0.239, -0.097, 1.518, 0
-2.178, 0.953, -0.111, -0.082, 1
-2.147, 1.009, 0.445, 0.461, 2
-2.252, 0.232, -0.079, 1.554, 0
-2.212, 0.962, -0.097, -0.032, 1
-2.119, 0.994, 0.455, 0.462, 2
-2.266, 0.232, -0.059, 1.055, 0
-2.227, 0.968, -0.08, 0.02, 1
-2.141, 1.007, 0.478, 0.505, 2
-2.262, 0.232, -0.038, 1.14, 0
-2.187, 0.951, -0.06, 0.027, 1
-2.121, 1.0, 0.492, 0.496, 2
-2.257, 0.23, -0.018, 1.251, 0
-2.205, 0.957, -0.04, 0.044, 1
-2.129, 1.002, 0.515, 0.534, 2
-2.276, 0.229, 0.005, 0.916, 0
-2.2, 0.952, -0.014, 0.053, 1
-2.126, 0.996, 0.544, 0.561, 2
-2.267, 0.228, 0.029, 1.17, 0
-2.197, 0.95, 0.018, 0.122, 1
-2.12, 0.989, 0.575, 0.574, 2
-2.257, 0.232, 0.052, 0.796, 0
-2.225, 0.969, 0.052, 0.152, 1
-2.116, 0.988, 0.608, 0.606, 2
-2.255, 0.241, 0.068, 0.722, 0
-2.212, 0.974, 0.078, 0.145, 1
-2.095, 0.982, 0.625, 0.632, 2
-2.284, 0.253, 0.074, 0.565, 0
-2.194, 0.975, 0.089, 0.146, 1
-2.099, 0.987, 0.636, 0.61, 2
-2.272, 0.256, 0.072, 1.01, 0
-2.204, 0.984, 0.09, 0.206, 1
-2.134, 1.005, 0.645, 0.609, 2
-2.272, 0.257, 0.066, 0.841, 0
-2.206, 0.986, 0.086, 0.21, 1
-2.11, 0.992, 0.632, 0.609, 2
-2.265, 0.255, 0.059, 1.334, 0
-2.214, 0.989, 0.08, 0.222, 1
-2.109, 0.99, 0.625, 0.605, 2
-2.274, 0.256, 0.057, 0.166, 0
-2.203, 0.983, 0.075, 0.179, 1
-2.131, 1.001, 0.628, 0.595, 2
-2.27, 0.256, 0.056, 0.789, 0
-2.192, 0.978, 0.072, 0.169, 1
-2.12, 0.998, 0.623, 0.608, 2
-2.276, 0.257, 0.057, 0.477, 0
-2.2, 0.983, 0.072, 0.16, 1
-2.115, 0.998, 0.622, 0.6, 2
-2.242, 0.252, 0.06, 1.112, 0
-2.191, 0.978, 0.073, 0.14, 1
-2.108, 0.994, 0.621, 0.617, 2
-2.276, 0.253, 0.062, 0.532, 0
-2.193, 0.975, 0.071, 0.132, 1
-2.124, 1.001, 0.622, 0.603, 2
-2.273, 0.251, 0.058, 0.845, 0
-2.197, 0.975, 0.064, 0.172, 1
-2.125, 1.003, 0.614, 0.564, 2
-2.28, 0.25, 0.055, 0.504, 0
-2.201, 0.976, 0.057, 0.149, 1
-2.134, 1.01, 0.608, 0.601, 2
-2.265, 0.249, 0.049, 0.873, 0
-2.201, 0.976, 0.047, 0.159, 1
-2.12, 1.006, 0.594, 0.587, 2
-2.261, 0.25, 0.044, 1.002, 0
-2.195, 0.975, 0.038, 0.145, 1
-2.118, 1.009, 0.585, 0.576, 2
-2.258, 0.249, 0.037, 1.103, 0
-2.204, 0.978, 0.028, 0.177, 1
-2.142, 1.022, 0.58, 0.552, 2
-2.272, 0.249, 0.032, 0.383, 0
-2.211, 0.98, 0.019, 0.136, 1
-2.141, 1.023, 0.571, 0.562, 2
-2.271, 0.248, 0.027, 0.633, 0
-2.205, 0.976, 0.011, 0.046, 1
-2.12, 1.014, 0.559, 0.536, 2
-2.258, 0.246, 0.024, 1.184, 0
-2.205, 0.976, 0.007, 0.062, 1
-2.117, 1.013, 0.554, 0.53, 2
-2.278, 0.248, 0.023, 0.065, 0
-2.192, 0.97, 0.004, 0.065, 1
-2.14, 1.025, 0.557, 0.521, 2
-2.263, 0.246, 0.019, 0.784, 0
-2.2, 0.972, -0.002, 0.08, 1
-2.14, 1.025, 0.549, 0.54, 2
-2.278, 0.247, 0.014, -0.345, 0
-2.204, 0.974, -0.01, 0.075, 1
-2.13, 1.023, 0.539, 0.527, 2
-2.277, 0.247, 0.01, 1.229, 0
-2.208, 0.976, -0.017, 0.089, 1
-2.137, 1.026, 0.535, 0.512, 2
-2.28, 0.243, 0.006, 0.095, 0
-2.196, 0.966, -0.021, 0.068, 1
-2.121, 1.012, 0.527, 0.513, 2
-2.27, 0.234, 0.004, 0.877, 0
-2.184, 0.952, -0.021, 0.009, 1
-2.119, 1.002, 0.526, 0.533, 2
-2.278, 0.23, 0.008, 0.776, 0
-2.192, 0.949, -0.016, 0.033, 1
-2.135, 1.004, 0.537, 0.532, 2
-2.279, 0.23, 0.016, 0.519, 0
-2.193, 0.95, -0.007, 0.054, 1
-2.132, 1.003, 0.546, 0.536, 2
-2.272, 0.23, 0.023, 0.498, 0
-2.191, 0.951, 0.001, 0.049, 1
-2.145, 1.009, 0.557, 0.548, 2
-2.278, 0.229, 0.031, 0.118, 0
-2.193, 0.949, 0.009, 0.076, 1
-2.126, 0.997, 0.561, 0.561, 2
-2.28, 0.225, 0.035, -0.239, 0
-2.188, 0.942, 0.014, 0.067, 1
-2.131, 0.994, 0.565, 0.569, 2
-2.281, 0.217, 0.037, 0.337, 0
-2.204, 0.941, 0.018, 0.071, 1
-2.141, 0.988, 0.572, 0.569, 2
-2.279, 0.207, 0.04, 1.19, 0
-2.211, 0.933, 0.025, 0.053, 1
-2.113, 0.962, 0.57, 0.567, 2
-2.266, 0.197, 0.044, 0.718, 0
-2.214, 0.925, 0.031, 0.084, 1
-2.115, 0.952, 0.577, 0.589, 2
-2.269, 0.189, 0.047, 0.607, 0
-2.215, 0.917, 0.035, 0.099, 1
-2.145, 0.958, 0.587, 0.609, 2
-2.273, 0.18, 0.049, 0.602, 0
-2.215, 0.907, 0.034, 0.097, 1
-2.149, 0.952, 0.584, 0.578, 2
-2.271, 0.17, 0.044, 0.903, 0
-2.238, 0.904, 0.026, 0.076, 1
-2.166, 0.95, 0.578, 0.586, 2
-2.261, 0.16, 0.032, 0.965, 0
-2.246, 0.897, 0.013, 0.108, 1
-2.158, 0.936, 0.562, 0.544, 2
-2.27, 0.153, 0.022, 1.111, 0
-2.222, 0.88, 0.001, 0.057, 1
-2.16, 0.93, 0.55, 0.567, 2
-2.261, 0.149, 0.014, 0.975, 0
-2.223, 0.876, -0.008, 0.049, 1
-2.133, 0.913, 0.536, 0.559, 2
-2.29, 0.147, 0.011, 1.176, 0
-2.219, 0.87, -0.009, 0.04, 1
-2.166, 0.923, 0.545, 0.568, 2
-2.272, 0.145, 0.013, 1.082, 0
-2.218, 0.868, -0.004, 0.033, 1
-2.133, 0.907, 0.542, 0.571, 2
-2.271, 0.145, 0.021, 1.287, 0
-2.222, 0.87, 0.005, 0.067, 1
-2.14, 0.909, 0.555, 0.566, 2
-2.273, 0.143, 0.034, 1.396, 0
-2.207, 0.861, 0.017, 0.043, 1
-2.145, 0.909, 0.568, 0.603, 2
-2.294, 0.137, 0.045, 1.202, 0
-2.215, 0.857, 0.029, 0.076, 1
-2.14, 0.898, 0.576, 0.639, 2
-2.296, 0.128, 0.052, 1.485, 0
-2.231, 0.853, 0.037, 0.078, 1
-2.135, 0.884, 0.583, 0.621, 2
-2.302, 0.121, 0.056, 0.728, 0
-2.215, 0.839, 0.044, 0.058, 1
-2.13, 0.872, 0.589, 0.66, 2
-2.295, 0.116, 0.056, 0.591, 0
-2.226, 0.839, 0.05, 0.097, 1
-2.157, 0.876, 0.601, 0.63, 2
-2.281, 0.115, 0.051, 1.102, 0
-2.228, 0.839, 0.051, 0.122, 1
-2.159, 0.872, 0.6, 0.636, 2
-2.299, 0.114, 0.047, 0.56, 0
-2.24, 0.842, 0.05, 0.126, 1
-2.167, 0.87, 0.603, 0.634, 2
-2.289, 0.108, 0.047, 0.277, 0
-2.23, 0.832, 0.052, 0.131, 1
-2.143, 0.853, 0.598, 0.65, 2
-2.292, 0.101, 0.048, 0.589, 0
-2.243, 0.83, 0.052, 0.126, 1
-2.149, 0.849, 0.599, 0.656, 2
-2.303, 0.091, 0.049, 0.663, 0
-2.241, 0.817, 0.052, 0.118, 1
-2.141, 0.833, 0.596, 0.667, 2
-2.3, 0.076, 0.05, 0.681, 0
-2.226, 0.796, 0.052, 0.049, 1
-2.142, 0.818, 0.595, 0.651, 2
-2.279, 0.06, 0.047, 0.622, 0
-2.249, 0.788, 0.051, 0.131, 1
-2.186, 0.82, 0.604, 0.655, 2
-2.28, 0.047, 0.043, 0.645, 0
-2.255, 0.776, 0.047, 0.11, 1
-2.184, 0.805, 0.598, 0.694, 2
-2.282, 0.031, 0.04, 0.835, 0
-2.258, 0.761, 0.042, 0.065, 1
-2.184, 0.789, 0.593, 0.677, 2
-2.295, 0.013, 0.036, 0.835, 0
-2.276, 0.748, 0.039, 0.123, 1
-2.17, 0.763, 0.585, 0.684, 2
-2.283, -0.006, 0.034, 0.749, 0
-2.251, 0.719, 0.038, 0.055, 1
-2.185, 0.747, 0.589, 0.709, 2
-2.285, -0.024, 0.032, 0.435, 0
-2.256, 0.702, 0.038, 0.046, 1
-2.19, 0.729, 0.589, 0.726, 2
-2.292, -0.041, 0.028, 0.621, 0
-2.237, 0.679, 0.036, 0.014, 1
-2.169, 0.704, 0.58, 0.714, 2
-2.285, -0.057, 0.027, 0.43, 0
-2.257, 0.668, 0.037, 0.046, 1
-2.17, 0.686, 0.582, 0.729, 2
-2.298, -0.074, 0.03, 0.499, 0
-2.258, 0.65, 0.042, 0.024, 1
-2.185, 0.672, 0.591, 0.777, 2
-2.285, -0.091, 0.031, 0.31, 0
-2.264, 0.634, 0.044, 0.041, 1
-2.21, 0.661, 0.598, 0.787, 2
-2.296, -0.109, 0.03, 0.44, 0
-2.278, 0.62, 0.043, 0.059, 1
-2.185, 0.637, 0.589, 0.801, 2
-2.285, -0.122, 0.031, 0.752, 0
-2.279, 0.606, 0.044, 0.067, 1
-2.207, 0.632, 0.596, 0.827, 2
-2.292, -0.131, 0.033, 1.016, 0
-2.26, 0.592, 0.044, 0.027, 1
-2.183, 0.616, 0.591, 0.837, 2
-2.301, -0.142, 0.035, 0.373, 0
-2.263, 0.581, 0.046, 0.031, 1
-2.203, 0.61, 0.597, 0.826, 2
-2.285, -0.154, 0.032, 0.998, 0
-2.276, 0.571, 0.045, 0.052, 1
-2.185, 0.59, 0.589, 0.825, 2
-2.286, -0.168, 0.025, 0.982, 0
-2.316, 0.567, 0.04, 0.186, 1
-2.212, 0.582, 0.589, 0.821, 2
-2.302, -0.182, 0.02, 0.95, 0
-2.277, 0.544, 0.034, 0.001, 1
-2.2, 0.566, 0.582, 0.871, 2
-2.308, -0.195, 0.024, 0.008, 0
-2.255, 0.526, 0.037, -0.049, 1
-2.197, 0.553, 0.586, 0.918, 2
-2.309, -0.209, 0.033, 0.131, 0
-2.253, 0.511, 0.046, -0.064, 1
-2.207, 0.542, 0.597, 0.897, 2
-2.291, -0.223, 0.039, 0.353, 0
-2.288, 0.503, 0.051, 0.022, 1
-2.208, 0.526, 0.6, 0.918, 2
-2.298, -0.239, 0.038, 0.694, 0
-2.299, 0.489, 0.051, 0.053, 1
-2.207, 0.51, 0.598, 0.924, 2
-2.297, -0.253, 0.035, 0.765, 0
-2.306, 0.476, 0.048, 0.118, 1
-2.198, 0.494, 0.591, 0.916, 2
-2.288, -0.264, 0.029, 0.757, 0
-2.298, 0.461, 0.043, 0.033, 1
-2.238, 0.49, 0.594, 0.911, 2
-2.306, -0.275, 0.018, 1.156, 0
-2.31, 0.454, 0.034, 0.05, 1
-2.215, 0.473, 0.579, 0.911, 2
-2.314, -0.284, 0.01, 0.814, 0
-2.292, 0.442, 0.028, -0.054, 1
-2.226, 0.465, 0.577, 0.926, 2
-2.324, -0.292, 0.01, 0.809, 0
-2.29, 0.434, 0.03, -0.098, 1
-2.228, 0.458, 0.581, 0.993, 2
-2.311, -0.296, 0.016, 0.784, 0
-2.285, 0.427, 0.037, -0.033, 1
-2.228, 0.452, 0.588, 0.981, 2
-2.307, -0.299, 0.021, 0.812, 0
-2.291, 0.425, 0.042, -0.052, 1
-2.235, 0.45, 0.594, 0.92, 2
-2.315, -0.303, 0.017, 1.16, 0
-2.317, 0.426, 0.039, -0.039, 1
-2.242, 0.447, 0.588, 0.955, 2
-2.313, -0.308, 0.008, 0.884, 0
-2.319, 0.42, 0.028, 0.014, 1
-2.225, 0.438, 0.573, 1.002, 2
-2.306, -0.316, 0.004, 0.617, 0
-2.314, 0.41, 0.023, 0.02, 1
-2.206, 0.425, 0.566, 0.945, 2
-2.325, -0.327, 0.006, 0.786, 0
-2.294, 0.397, 0.025, -0.218, 1
-2.23, 0.421, 0.574, 1.021, 2
-2.326, -0.334, 0.01, 0.691, 0
-2.289, 0.39, 0.029, -0.15, 1
-2.225, 0.414, 0.578, 1.033, 2
-2.334, -0.341, 0.015, 1.03, 0
-2.299, 0.386, 0.034, -0.109, 1
-2.213, 0.406, 0.579, 1.015, 2
-2.333, -0.347, 0.018, 0.62, 0
-2.303, 0.379, 0.037, -0.025, 1
-2.228, 0.402, 0.584, 0.997, 2
-2.313, -0.353, 0.017, 0.757, 0
-2.318, 0.373, 0.034, 0.069, 1
-2.244, 0.397, 0.583, 0.997, 2
-2.321, -0.364, 0.01, 1.046, 0
-2.31, 0.362, 0.026, -0.076, 1
-2.242, 0.387, 0.573, 0.98, 2
-2.331, -0.373, 0.002, 1.001, 0
-2.318, 0.355, 0.017, -0.1, 1
-2.238, 0.378, 0.564, 1.041, 2
-2.334, -0.381, -0.002, 0.779, 0
-2.313, 0.346, 0.015, -0.312, 1
-2.234, 0.369, 0.563, 1.008, 2
-2.341, -0.389, 0.004, 0.494, 0
-2.304, 0.338, 0.021, -0.149, 1
-2.236, 0.362, 0.571, 1.009, 2
-2.331, -0.396, 0.014, 0.692, 0
-2.315, 0.331, 0.031, -0.198, 1
-2.239, 0.354, 0.581, 1.185, 2
-2.322, -0.404, 0.021, 0.518, 0
-2.316, 0.321, 0.037, -0.035, 1
-2.246, 0.347, 0.587, 1.093, 2
-2.331, -0.416, 0.023, 0.626, 0
-2.323, 0.311, 0.037, -0.074, 1
-2.241, 0.337, 0.584, 1.176, 2
-2.338, -0.426, 0.023, 0.663, 0
-2.335, 0.304, 0.034, -0.11, 1
-2.235, 0.329, 0.579, 1.052, 2
-2.31, -0.427, 0.019, 0.968, 0
-2.338, 0.297, 0.029, -0.055, 1
-2.237, 0.324, 0.572, 1.073, 2
-2.332, -0.435, 0.009, 1.247, 0
-2.338, 0.292, 0.02, -0.399, 1
-2.245, 0.319, 0.564, 1.059, 2
-2.333, -0.439, -0.002, 1.076, 0
-2.335, 0.289, 0.01, -0.305, 1
-2.249, 0.315, 0.556, 1.054, 2
-2.345, -0.444, -0.011, 0.783, 0
-2.334, 0.286, 0.002, 1.499, 1
-2.254, 0.311, 0.55, 1.084, 2
-2.349, -0.45, -0.02, 0.867, 0
-2.335, 0.28, -0.006, -0.492, 1
-2.239, 0.302, 0.538, 1.068, 2
-2.349, -0.457, -0.029, 0.83, 0
-2.35, 0.274, -0.013, -0.307, 1
-2.245, 0.294, 0.531, 1.121, 2
-2.347, -0.465, -0.033, 0.935, 0
-2.325, 0.263, -0.018, 1.409, 1
-2.262, 0.288, 0.532, 1.187, 2
-2.357, -0.474, -0.033, 0.797, 0
-2.326, 0.255, -0.019, -0.468, 1
-2.272, 0.284, 0.532, 1.225, 2
-2.346, -0.476, -0.034, 0.598, 0
-2.326, 0.249, -0.021, -0.342, 1
-2.255, 0.275, 0.527, 1.109, 2
-2.352, -0.486, -0.036, 0.632, 0
-2.339, 0.242, -0.021, -0.317, 1
-2.243, 0.263, 0.525, 1.175, 2
-2.337, -0.492, -0.037, 0.745, 0
-2.344, 0.233, -0.02, -0.433, 1
-2.25, 0.253, 0.528, 1.281, 2
-2.368, -0.502, -0.039, 0.787, 0
-2.32, 0.227, -0.017, -0.474, 1
-2.26, 0.25, 0.532, 1.084, 2
-2.366, -0.497, -0.039, 0.769, 0
-2.324, 0.231, -0.016, -0.391, 1
-2.252, 0.253, 0.53, 1.055, 2
-2.367, -0.492, -0.039, 0.85, 0
-2.34, 0.238, -0.016, -0.252, 1
-2.269, 0.259, 0.535, 1.163, 2
-2.358, -0.49, -0.036, 0.673, 0
-2.329, 0.236, -0.014, 1.406, 1
-2.242, 0.254, 0.532, 1.055, 2
-2.349, -0.49, -0.032, 0.697, 0
-2.335, 0.235, -0.01, -0.505, 1
-2.265, 0.255, 0.54, 1.042, 2
-2.366, -0.494, -0.029, 0.616, 0
-2.324, 0.231, -0.008, -0.45, 1
-2.257, 0.253, 0.538, 0.996, 2
-2.384, -0.499, -0.031, 0.709, 0
-2.331, 0.231, -0.013, 1.39, 1
-2.26, 0.253, 0.534, 1.094, 2
-2.369, -0.501, -0.036, 0.758, 0
-2.358, 0.228, -0.021, 1.534, 1
-2.272, 0.25, 0.528, 1.137, 2
-2.375, -0.51, -0.044, 0.759, 0
-2.342, 0.218, -0.029, 1.41, 1
-2.256, 0.239, 0.516, 1.147, 2
-2.359, -0.516, -0.053, 0.743, 0
-2.344, 0.21, -0.038, 1.371, 1
-2.256, 0.231, 0.506, 1.161, 2
-2.369, -0.523, -0.062, 0.612, 0
-2.344, 0.204, -0.047, 1.488, 1
-2.246, 0.224, 0.496, 1.15, 2
-2.352, -0.525, -0.07, 0.676, 0
-2.335, 0.198, -0.055, 1.374, 1
-2.264, 0.218, 0.492, 1.167, 2
-2.357, -0.533, -0.079, 0.807, 0
-2.355, 0.192, -0.063, 1.535, 1
-2.273, 0.213, 0.485, 1.1, 2
-2.373, -0.539, -0.086, 0.751, 0
-2.348, 0.189, -0.068, 1.47, 1
-2.265, 0.209, 0.48, 1.132, 2
-2.372, -0.541, -0.091, 0.845, 0
-2.336, 0.186, -0.072, 1.464, 1
-2.248, 0.204, 0.473, 1.136, 2
-2.366, -0.54, -0.089, 0.645, 0
-2.334, 0.185, -0.069, 1.172, 1
-2.256, 0.203, 0.48, 1.26, 2
-2.362, -0.545, -0.081, 0.737, 0
-2.342, 0.18, -0.06, -0.612, 1
-2.252, 0.195, 0.487, 1.294, 2
-2.379, -0.561, -0.077, 0.528, 0
-2.335, 0.168, -0.056, 1.498, 1
-2.252, 0.183, 0.492, 1.29, 2
-2.348, -0.567, -0.074, 0.557, 0
-2.349, 0.155, -0.053, -0.282, 1
-2.25, 0.17, 0.494, 1.284, 2
-2.377, -0.589, -0.074, 0.588, 0
-2.357, 0.142, -0.052, -0.383, 1
-2.252, 0.155, 0.495, 1.255, 2
-2.368, -0.604, -0.074, 0.703, 0
-2.357, 0.125, -0.052, -0.27, 1
-2.269, 0.139, 0.5, 1.563, 2
-2.354, -0.619, -0.07, 0.6, 0
-2.341, 0.107, -0.047, 1.082, 1
-2.267, 0.121, 0.505, 1.532, 2
-2.342, -0.632, -0.068, 0.48, 0
-2.33, 0.091, -0.041, -0.531, 1
-2.258, 0.104, 0.508, 1.233, 2
-2.356, -0.653, -0.07, 0.627, 0
-2.337, 0.075, -0.041, -0.313, 1
-2.251, 0.086, 0.506, 1.418, 2
-2.347, -0.668, -0.071, 0.593, 0
-2.345, 0.059, -0.041, -0.429, 1
-2.255, 0.069, 0.509, 1.5, 2
-2.342, -0.684, -0.066, 0.599, 0
-2.326, 0.043, -0.034, 1.139, 1
-2.239, 0.052, 0.515, 1.107, 2
-2.355, -0.705, -0.057, 0.393, 0
-2.313, 0.026, -0.02, -0.774, 1
-2.226, 0.032, 0.526, 1.451, 2
-2.344, -0.722, -0.045, 0.517, 0
-2.309, 0.009, -0.007, 0.944, 1
-2.229, 0.013, 0.542, 1.494, 2
-2.351, -0.742, -0.031, 0.468, 0
-2.305, -0.008, 0.008, -0.696, 1
-2.229, -0.002, 0.557, 1.485, 2
-2.333, -0.758, -0.016, 0.443, 0
-2.321, -0.027, 0.02, -0.454, 1
-2.218, -0.018, 0.565, 1.345, 2
-2.305, -0.772, -0.009, 0.501, 0
-2.316, -0.049, 0.023, 0.145, 1
-2.229, -0.038, 0.568, 1.423, 2
-2.286, -0.789, -0.016, 0.675, 0
-2.319, -0.071, 0.015, 1.2, 1
-2.242, -0.06, 0.562, 1.324, 2
-2.317, -0.822, -0.031, 0.653, 0
-2.315, -0.09, 0.003, 1.088, 1
-2.228, -0.079, 0.548, 1.258, 2
-2.307, -0.83, -0.04, 0.582, 0
-2.317, -0.101, -0.001, 1.013, 1
-2.22, -0.092, 0.545, 1.4, 2
-2.288, -0.832, -0.037, 0.522, 0
-2.3, -0.109, 0.005, 0.921, 1
-2.213, -0.102, 0.551, 1.441, 2
-2.314, -0.855, -0.032, 0.542, 0
-2.325, -0.122, 0.012, -1.161, 1
-2.215, -0.115, 0.558, 1.406, 2
-2.309, -0.869, -0.027, 0.457, 0
-2.294, -0.136, 0.017, -0.796, 1
-2.215, -0.129, 0.563, 1.51, 2
-2.305, -0.882, -0.018, -0.499, 0
-2.299, -0.148, 0.024, 0.644, 1
-2.198, -0.138, 0.567, 1.437, 2
-2.275, -0.883, -0.007, 0.563, 0
-2.286, -0.16, 0.033, -0.976, 1
-2.202, -0.15, 0.578, 1.437, 2
-2.285, -0.906, 0.002, -0.483, 0
-2.302, -0.178, 0.042, -0.738, 1
-2.226, -0.17, 0.592, 1.409, 2
-2.286, -0.925, 0.005, -0.513, 0
-2.318, -0.197, 0.045, -0.115, 1
-2.206, -0.185, 0.589, 1.25, 2
-2.272, -0.935, 0.005, -0.477, 0
-2.315, -0.211, 0.045, 0.679, 1
-2.226, -0.2, 0.594, 1.532, 2
-2.281, -0.951, 0.001, -0.593, 0
-2.291, -0.221, 0.04, 1.289, 1
-2.2, -0.208, 0.582, 1.23, 2
-2.304, -0.966, -0.007, -0.479, 0
-2.298, -0.226, 0.034, 1.011, 1
-2.204, -0.213, 0.579, 1.237, 2
-2.284, -0.956, -0.003, -0.549, 0
-2.295, -0.225, 0.04, 0.9, 1
-2.207, -0.213, 0.589, 1.29, 2
-2.283, -0.954, 0.015, -0.508, 0
-2.305, -0.226, 0.058, 1.366, 1
-2.194, -0.211, 0.602, 1.31, 2
-2.294, -0.956, 0.017, -0.572, 0
-2.289, -0.222, 0.06, 1.044, 1
-2.189, -0.212, 0.6, 1.225, 2
-2.306, -0.96, 0.004, -0.653, 0
-2.295, -0.223, 0.052, 1.223, 1
-2.203, -0.217, 0.594, 1.149, 2
-2.285, -0.953, -0.006, 0.521, 0
-2.287, -0.226, 0.045, 1.435, 1
-2.197, -0.223, 0.588, 1.335, 2
-2.29, -0.96, -0.005, 0.471, 0
-2.297, -0.231, 0.047, 0.919, 1
-2.205, -0.227, 0.594, 1.351, 2
-2.284, -0.958, -0.001, 0.504, 0
-2.275, -0.229, 0.05, 1.046, 1
-2.196, -0.226, 0.593, 1.216, 2
-2.308, -0.966, -0.005, -0.488, 0
-2.298, -0.23, 0.046, 1.122, 1
-2.214, -0.227, 0.591, 1.264, 2
-2.312, -0.968, -0.014, -0.665, 0
-2.293, -0.231, 0.036, 1.278, 1
-2.216, -0.228, 0.581, 1.227, 2
-2.315, -0.97, -0.024, -0.559, 0
-2.297, -0.233, 0.027, 1.238, 1
-2.199, -0.228, 0.568, 1.16, 2
-2.328, -0.976, -0.031, -0.559, 0
-2.315, -0.235, 0.021, 1.239, 1
-2.22, -0.232, 0.569, 1.189, 2
-2.3, -0.964, -0.034, 0.601, 0
-2.306, -0.235, 0.02, 0.952, 1
-2.211, -0.233, 0.565, 1.21, 2
-2.303, -0.967, -0.034, 0.511, 0
-2.314, -0.239, 0.021, 1.386, 1
-2.21, -0.236, 0.567, 1.18, 2
-2.284, -0.967, -0.025, 0.581, 0
-2.294, -0.243, 0.028, 0.971, 1
-2.2, -0.243, 0.573, 1.264, 2
-2.307, -0.988, -0.013, 0.519, 0
-2.308, -0.255, 0.038, 0.781, 1
-2.199, -0.251, 0.584, 1.226, 2
-2.294, -0.993, -0.003, -0.454, 0
-2.31, -0.265, 0.046, 0.578, 1
-2.209, -0.26, 0.593, 1.177, 2
-2.289, -0.997, 0.001, 0.518, 0
-2.312, -0.272, 0.049, 1.329, 1
-2.212, -0.264, 0.594, 1.192, 2
-2.293, -1.0, -0.004, -0.555, 0
-2.306, -0.273, 0.043, 1.49, 1
-2.211, -0.266, 0.587, 1.202, 2
-2.277, -0.995, -0.01, 0.483, 0
-2.31, -0.276, 0.038, 1.365, 1
-2.208, -0.268, 0.583, 1.225, 2
-2.29, -1.003, -0.012, 0.542, 0
-2.31, -0.277, 0.038, 1.496, 1
-2.2, -0.271, 0.581, 1.224, 2
-2.295, -1.009, -0.01, 0.412, 0
-2.315, -0.282, 0.04, 0.782, 1
-2.194, -0.275, 0.582, 1.192, 2
-2.276, -1.005, -0.007, 0.456, 0
-2.309, -0.287, 0.043, 1.325, 1
-2.211, -0.283, 0.588, 1.228, 2
-2.274, -1.01, -0.008, 0.491, 0
-2.305, -0.292, 0.042, 1.55, 1
-2.205, -0.286, 0.585, 1.124, 2
-2.294, -1.021, -0.011, 0.546, 0
-2.305, -0.294, 0.038, 1.383, 1
-2.228, -0.291, 0.587, 1.195, 2
-2.305, -1.028, -0.015, 0.492, 0
-2.309, -0.297, 0.033, 1.065, 1
-2.232, -0.294, 0.584, 1.025, 2
-2.293, -1.027, -0.019, -0.535, 0
-2.296, -0.299, 0.032, 1.462, 1
-2.208, -0.296, 0.577, 1.117, 2
-2.299, -1.034, -0.019, 0.611, 0
-2.308, -0.305, 0.032, 1.489, 1
-2.21, -0.301, 0.577, 1.095, 2
-2.297, -1.037, -0.02, 0.483, 0
-2.31, -0.31, 0.032, 1.487, 1
-2.212, -0.306, 0.578, 1.115, 2
-2.309, -1.05, -0.019, -0.632, 0
-2.318, -0.317, 0.033, 0.682, 1
-2.204, -0.312, 0.576, 1.097, 2
-2.307, -1.055, -0.018, -0.476, 0
-2.308, -0.322, 0.033, 0.654, 1
-2.208, -0.317, 0.578, 1.142, 2
-2.292, -1.054, -0.016, -0.536, 0
-2.307, -0.327, 0.034, 1.548, 1
-2.209, -0.322, 0.578, 1.136, 2
-2.325, -1.072, -0.02, -0.493, 0
-2.3, -0.329, 0.031, 1.568, 1
-2.218, -0.326, 0.576, 1.062, 2
-2.328, -1.075, -0.027, -0.487, 0
-2.32, -0.335, 0.025, -1.223, 1
-2.221, -0.329, 0.57, 1.171, 2
-2.313, -1.071, -0.033, -0.544, 0
-2.316, -0.338, 0.018, 1.447, 1
-2.213, -0.332, 0.562, 1.045, 2
-2.306, -1.07, -0.036, -0.597, 0
-2.316, -0.34, 0.017, 1.424, 1
-2.218, -0.336, 0.562, 1.092, 2
-2.32, -1.081, -0.038, -0.528, 0
-2.313, -0.345, 0.016, 1.161, 1
-2.223, -0.344, 0.563, 1.108, 2
-2.283, -1.074, -0.039, 0.593, 0
-2.306, -0.353, 0.016, 0.632, 1
-2.233, -0.357, 0.564, 1.199, 2
-2.308, -1.097, -0.043, -0.543, 0
-2.306, -0.364, 0.014, 1.15, 1
-2.238, -0.368, 0.563, 1.162, 2
-2.3, -1.102, -0.046, 0.537, 0
-2.31, -0.373, 0.011, 1.243, 1
-2.229, -0.375, 0.559, 0.966, 2
-2.301, -1.109, -0.048, -0.632, 0
-2.33, -0.384, 0.009, 0.791, 1
-2.232, -0.383, 0.556, 0.958, 2
-2.317, -1.126, -0.054, 0.571, 0
-2.33, -0.392, 0.004, -0.889, 1
-2.234, -0.392, 0.552, 0.989, 2
-2.293, -1.121, -0.059, -0.51, 0
-2.304, -0.395, -0.0, 1.008, 1
-2.239, -0.4, 0.548, 0.991, 2
-2.306, -1.137, -0.062, -0.501, 0
-2.33, -0.408, -0.003, 0.735, 1
-2.248, -0.411, 0.548, 0.872, 2
-2.321, -1.153, -0.063, -0.508, 0
-2.327, -0.416, -0.003, 0.717, 1
-2.227, -0.415, 0.543, 0.937, 2
-2.308, -1.155, -0.065, 0.522, 0
-2.334, -0.425, -0.006, -0.945, 1
-2.248, -0.427, 0.544, 0.888, 2
-2.299, -1.157, -0.069, -0.462, 0
-2.316, -0.429, -0.01, -1.024, 1
-2.23, -0.431, 0.536, 0.969, 2
-2.294, -1.161, -0.072, 0.523, 0
-2.32, -0.436, -0.012, 0.892, 1
-2.231, -0.437, 0.535, 0.894, 2
-2.303, -1.17, -0.076, -0.472, 0
-2.33, -0.442, -0.015, 1.147, 1
-2.239, -0.443, 0.533, 0.904, 2
-2.304, -1.173, -0.079, 0.513, 0
-2.323, -0.445, -0.016, 1.125, 1
-2.238, -0.447, 0.532, 0.937, 2
-2.323, -1.187, -0.078, -0.55, 0
-2.323, -0.449, -0.014, 1.29, 1
-2.218, -0.448, 0.53, 0.888, 2
-2.305, -1.182, -0.075, 0.475, 0
-2.326, -0.454, -0.012, 1.168, 1
-2.225, -0.456, 0.534, 0.93, 2
-2.295, -1.185, -0.076, -0.552, 0
-2.327, -0.461, -0.012, 1.016, 1
-2.234, -0.465, 0.535, 0.938, 2
-2.308, -1.196, -0.081, -0.495, 0
-2.328, -0.466, -0.014, -1.041, 1
-2.223, -0.469, 0.53, 0.894, 2
-2.303, -1.196, -0.086, -0.457, 0
-2.314, -0.466, -0.017, -1.109, 1
-2.236, -0.475, 0.53, 0.955, 2
-2.314, -1.205, -0.092, -0.55, 0
-2.322, -0.47, -0.021, 1.211, 1
-2.239, -0.48, 0.527, 0.941, 2
-2.299, -1.199, -0.097, -0.541, 0
-2.321, -0.473, -0.026, -1.1, 1
-2.237, -0.483, 0.522, 0.954, 2
-2.307, -1.204, -0.099, 0.496, 0
-2.338, -0.477, -0.028, -1.005, 1
-2.221, -0.48, 0.517, 0.867, 2
-2.327, -1.215, -0.097, -0.454, 0
-2.322, -0.476, -0.025, -0.906, 1
-2.238, -0.485, 0.524, 0.933, 2
-2.285, -1.196, -0.089, 0.506, 0
-2.33, -0.479, -0.021, -0.718, 1
-2.224, -0.483, 0.526, 0.902, 2
-2.318, -1.215, -0.085, -0.434, 0
-2.322, -0.481, -0.015, -1.015, 1
-2.22, -0.485, 0.529, 0.898, 2
-2.294, -1.206, -0.08, -0.471, 0
-2.324, -0.485, -0.012, -0.735, 1
-2.216, -0.488, 0.531, 0.852, 2
-2.293, -1.21, -0.076, 0.43, 0
-2.309, -0.486, -0.008, 0.708, 1
-2.217, -0.492, 0.536, 0.862, 2
-2.309, -1.224, -0.07, 0.435, 0
-2.322, -0.493, -0.004, -0.686, 1
-2.224, -0.496, 0.542, 0.836, 2
-2.311, -1.231, -0.065, 0.479, 0
-2.314, -0.497, -0.001, -1.1, 1
-2.239, -0.503, 0.549, 0.917, 2
-2.312, -1.237, -0.061, 0.442, 0
-2.323, -0.504, 0.001, -1.016, 1
-2.217, -0.502, 0.545, 0.879, 2
-2.305, -1.236, -0.06, -0.572, 0
-2.324, -0.507, 0.002, -0.986, 1
-2.228, -0.505, 0.548, 0.879, 2
-2.331, -1.248, -0.061, -0.434, 0
-2.33, -0.506, 0.002, -0.876, 1
-2.219, -0.503, 0.546, 0.86, 2
-2.343, -1.253, -0.065, -0.427, 0
-2.325, -0.505, -0.0, -0.691, 1
-2.241, -0.509, 0.549, 0.957, 2
-2.325, -1.245, -0.066, -0.455, 0
-2.33, -0.508, -0.002, -0.935, 1
-2.224, -0.508, 0.544, 0.877, 2
-2.288, -1.227, -0.062, 0.507, 0
-2.315, -0.507, 0.001, -1.123, 1
-2.221, -0.509, 0.547, 0.883, 2
-2.314, -1.244, -0.058, 0.404, 0
-2.32, -0.511, 0.005, -0.899, 1
-2.231, -0.514, 0.553, 0.922, 2
-2.335, -1.26, -0.056, 0.48, 0
-2.312, -0.514, 0.007, -1.073, 1
-2.233, -0.52, 0.555, 0.868, 2
-2.337, -1.268, -0.056, -0.442, 0
-2.325, -0.523, 0.007, -0.954, 1
-2.222, -0.524, 0.552, 0.855, 2
-2.31, -1.258, -0.058, 0.559, 0
-2.335, -0.531, 0.005, 0.756, 1
-2.235, -0.531, 0.552, 0.817, 2
-2.324, -1.269, -0.065, -0.52, 0
-2.322, -0.531, -0.001, 0.994, 1
-2.233, -0.535, 0.546, 0.818, 2
-2.319, -1.27, -0.074, 0.552, 0
-2.319, -0.534, -0.008, 1.21, 1
-2.223, -0.538, 0.536, 0.843, 2
-2.309, -1.27, -0.08, -0.498, 0
-2.329, -0.541, -0.012, -1.169, 1
-2.213, -0.543, 0.531, 0.865, 2
-2.298, -1.27, -0.081, 0.502, 0
-2.319, -0.545, -0.013, 0.76, 1
-2.238, -0.555, 0.536, 0.847, 2
-2.299, -1.279, -0.084, 0.537, 0
-2.317, -0.553, -0.015, 0.794, 1
-2.232, -0.563, 0.532, 0.815, 2
-2.299, -1.291, -0.087, 0.499, 0
-2.317, -0.563, -0.018, -0.756, 1
-2.226, -0.571, 0.529, 0.857, 2
-2.294, -1.298, -0.087, 0.446, 0
-2.325, -0.574, -0.018, -0.802, 1
-2.222, -0.579, 0.528, 0.805, 2
-2.299, -1.309, -0.088, 0.466, 0
-2.318, -0.58, -0.018, -0.74, 1
-2.224, -0.586, 0.529, 0.792, 2
-2.287, -1.308, -0.089, 0.523, 0
-2.31, -0.583, -0.019, 0.942, 1
-2.222, -0.592, 0.527, 0.784, 2
-2.295, -1.318, -0.093, 0.514, 0
-2.307, -0.588, -0.021, 0.73, 1
-2.222, -0.598, 0.525, 0.793, 2
-2.291, -1.321, -0.092, 0.443, 0
-2.319, -0.597, -0.021, -0.939, 1
-2.216, -0.601, 0.525, 0.802, 2
-2.305, -1.334, -0.091, 0.448, 0
-2.308, -0.598, -0.02, -0.954, 1
-2.214, -0.604, 0.526, 0.784, 2
-2.311, -1.344, -0.092, 0.438, 0
-2.325, -0.608, -0.021, -0.992, 1
-2.215, -0.611, 0.524, 0.785, 2
-2.313, -1.354, -0.094, -0.567, 0
-2.308, -0.611, -0.022, -0.79, 1
-2.22, -0.619, 0.525, 0.764, 2
-2.309, -1.358, -0.095, -0.554, 0
-2.317, -0.619, -0.022, -0.682, 1
-2.215, -0.624, 0.525, 0.772, 2
-2.277, -1.342, -0.092, 0.459, 0
-2.314, -0.62, -0.019, -0.87, 1
-2.209, -0.625, 0.527, 0.787, 2
-2.304, -1.359, -0.091, 0.48, 0
-2.309, -0.62, -0.016, -0.682, 1
-2.215, -0.629, 0.531, 0.768, 2
-2.316, -1.369, -0.088, -0.579, 0
-2.318, -0.626, -0.014, -0.65, 1
-2.205, -0.63, 0.532, 0.44, 2
-2.277, -1.352, -0.085, 0.469, 0
-2.308, -0.629, -0.012, 0.775, 1
-2.203, -0.635, 0.532, 0.78, 2
-2.318, -1.384, -0.089, 0.512, 0
-2.318, -0.638, -0.015, -0.61, 1
-2.219, -0.645, 0.532, 0.76, 2
-2.259, -1.357, -0.09, 0.519, 0
-2.315, -0.644, -0.018, -0.622, 1
-2.236, -0.657, 0.535, 0.788, 2
-2.268, -1.369, -0.09, 0.448, 0
-2.317, -0.651, -0.016, -0.64, 1
-2.204, -0.654, 0.531, 0.33, 2
-2.274, -1.377, -0.084, 0.429, 0
-2.305, -0.651, -0.011, -0.652, 1
-2.209, -0.657, 0.537, 0.755, 2
-2.295, -1.388, -0.081, 0.505, 0
-2.299, -0.649, -0.008, -0.817, 1
-2.2, -0.653, 0.536, 0.748, 2
-2.273, -1.373, -0.08, 0.493, 0
-2.316, -0.652, -0.008, -0.761, 1
-2.207, -0.655, 0.538, 0.545, 2
-2.279, -1.377, -0.08, 0.486, 0
-2.316, -0.653, -0.009, -0.748, 1
-2.227, -0.662, 0.542, 0.501, 2
-2.326, -1.407, -0.085, -0.593, 0
-2.313, -0.654, -0.012, -0.792, 1
-2.223, -0.661, 0.537, 0.519, 2
-2.304, -1.391, -0.091, 0.492, 0
-2.317, -0.652, -0.019, -0.88, 1
-2.206, -0.653, 0.525, 0.58, 2
-2.315, -1.389, -0.099, 0.529, 0
-2.347, -0.655, -0.026, -0.755, 1
-2.231, -0.653, 0.523, 0.464, 2
-2.304, -1.374, -0.102, 0.403, 0
-2.323, -0.641, -0.03, -0.81, 1
-2.211, -0.641, 0.517, 0.449, 2
-2.318, -1.377, -0.099, 0.573, 0
-2.312, -0.633, -0.028, -0.806, 1
-2.199, -0.633, 0.515, 0.364, 2
-2.304, -1.365, -0.096, 0.442, 0
-2.321, -0.634, -0.028, -0.641, 1
-2.226, -0.638, 0.52, 0.749, 2
-2.306, -1.367, -0.096, 0.463, 0
-2.338, -0.639, -0.03, -0.808, 1
-2.234, -0.639, 0.519, 0.758, 2
-2.296, -1.361, -0.1, 0.491, 0
-2.334, -0.637, -0.036, -0.859, 1
-2.231, -0.636, 0.512, 0.242, 2
-2.323, -1.374, -0.108, 0.518, 0
-2.332, -0.634, -0.044, -1.177, 1
-2.241, -0.636, 0.505, 0.483, 2
-2.33, -1.371, -0.118, -0.529, 0
-2.352, -0.636, -0.054, -0.691, 1
-2.236, -0.63, 0.493, 0.519, 2
-2.338, -1.37, -0.127, 0.592, 0
-2.339, -0.627, -0.063, -0.841, 1
-2.243, -0.627, 0.485, 0.596, 2
-2.343, -1.37, -0.135, 0.46, 0
-2.334, -0.623, -0.071, -0.862, 1
-2.253, -0.627, 0.478, 0.57, 2
-2.332, -1.361, -0.14, 0.507, 0
-2.334, -0.623, -0.078, -1.107, 1
-2.245, -0.623, 0.47, 0.507, 2
-2.324, -1.355, -0.144, 0.553, 0
-2.331, -0.622, -0.083, -0.938, 1
-2.239, -0.621, 0.464, 0.341, 2
-2.352, -1.371, -0.149, 0.503, 0
-2.329, -0.621, -0.086, 1.067, 1
-2.245, -0.622, 0.461, 0.303, 2
-2.371, -1.381, -0.15, -0.534, 0
-2.337, -0.623, -0.087, -0.984, 1
-2.24, -0.62, 0.46, 0.318, 2
-2.357, -1.369, -0.149, -0.539, 0
-2.332, -0.62, -0.088, -0.8, 1
-2.243, -0.618, 0.458, 0.232, 2
-2.342, -1.359, -0.151, 0.548, 0
-2.338, -0.621, -0.092, 0.757, 1
-2.248, -0.618, 0.453, 0.296, 2
-2.355, -1.371, -0.156, 0.498, 0
-2.348, -0.627, -0.098, 1.022, 1
-2.259, -0.625, 0.449, 0.732, 2
-2.331, -1.367, -0.16, 0.533, 0
-2.331, -0.632, -0.104, 0.971, 1
-2.278, -0.639, 0.445, 0.871, 2
-2.332, -1.378, -0.168, 0.531, 0
-2.338, -0.644, -0.114, -0.896, 1
-2.272, -0.646, 0.435, 0.339, 2
-2.332, -1.387, -0.176, 0.487, 0
-2.337, -0.652, -0.122, 0.991, 1
-2.267, -0.651, 0.426, 0.176, 2
-2.352, -1.408, -0.183, 0.51, 0
-2.338, -0.66, -0.128, 0.932, 1
-2.253, -0.655, 0.419, -0.036, 2
-2.328, -1.405, -0.182, 0.49, 0
-2.342, -0.671, -0.13, 0.82, 1
-2.262, -0.668, 0.419, 0.164, 2
-2.326, -1.415, -0.185, 0.56, 0
-2.363, -0.687, -0.134, -0.763, 1
-2.26, -0.676, 0.415, 0.135, 2
-2.339, -1.426, -0.193, 0.466, 0
-2.359, -0.691, -0.141, -0.933, 1
-2.292, -0.688, 0.411, 0.66, 2
-2.375, -1.451, -0.207, 0.585, 0
-2.376, -0.699, -0.153, -1.202, 1
-2.285, -0.691, 0.398, 0.115, 2
-2.347, -1.441, -0.219, 0.585, 0
-2.353, -0.698, -0.164, -1.155, 1
-2.285, -0.696, 0.385, 0.048, 2
-2.329, -1.434, -0.226, 0.469, 0
-2.356, -0.704, -0.173, -1.095, 1
-2.28, -0.699, 0.376, 0.006, 2
-2.367, -1.462, -0.234, 0.632, 0
-2.366, -0.711, -0.179, -0.911, 1
-2.284, -0.703, 0.372, 0.015, 2
-2.345, -1.453, -0.236, 0.47, 0
-2.368, -0.718, -0.185, -0.776, 1
-2.283, -0.707, 0.365, 0.158, 2
-2.344, -1.46, -0.241, 0.531, 0
-2.379, -0.727, -0.193, -0.914, 1
-2.281, -0.711, 0.358, -0.08, 2
-2.363, -1.477, -0.249, 0.485, 0
-2.36, -0.727, -0.199, 1.005, 1
-2.31, -0.724, 0.354, 0.586, 2
-2.378, -1.494, -0.263, 0.529, 0
-2.363, -0.733, -0.211, 1.133, 1
-2.311, -0.73, 0.341, 0.133, 2
-2.382, -1.497, -0.278, 0.557, 0
-2.366, -0.736, -0.223, -1.091, 1
-2.293, -0.727, 0.326, 0.014, 2
-2.404, -1.507, -0.295, 0.552, 0
-2.38, -0.738, -0.235, -1.026, 1
-2.306, -0.73, 0.318, 0.143, 2
-2.371, -1.479, -0.302, 0.47, 0
-2.386, -0.734, -0.243, -1.0, 1
-2.29, -0.723, 0.309, 0.223, 2
-2.4, -1.492, -0.32, 0.54, 0
-2.388, -0.73, -0.252, -0.999, 1
-2.317, -0.73, 0.301, 0.151, 2
-2.384, -1.482, -0.328, 0.529, 0
-2.373, -0.727, -0.261, -0.967, 1
-2.308, -0.731, 0.291, -0.059, 2
-2.378, -1.485, -0.331, 0.472, 0
-2.377, -0.733, -0.264, -0.94, 1
-2.29, -0.731, 0.288, -0.014, 2
-2.36, -1.481, -0.329, 0.598, 0
-2.383, -0.743, -0.266, -1.008, 1
-2.291, -0.738, 0.284, -0.109, 2
-2.367, -1.493, -0.338, 0.596, 0
-2.381, -0.748, -0.274, -0.987, 1
-2.302, -0.746, 0.277, -0.161, 2
-2.37, -1.496, -0.344, 0.535, 0
-2.383, -0.75, -0.279, -0.919, 1
-2.31, -0.749, 0.275, 0.0, 2
-2.367, -1.492, -0.343, 0.547, 0
-2.389, -0.751, -0.28, -0.945, 1
-2.297, -0.744, 0.273, -0.003, 2
-2.362, -1.489, -0.344, 0.525, 0
-2.401, -0.755, -0.283, -1.029, 1
-2.306, -0.746, 0.271, 0.062, 2
-2.387, -1.503, -0.352, 0.594, 0
-2.396, -0.753, -0.287, -1.043, 1
-2.318, -0.749, 0.265, -0.019, 2
-2.403, -1.51, -0.365, 0.519, 0
-2.394, -0.75, -0.297, -1.195, 1
-2.337, -0.753, 0.256, 0.514, 2
-2.368, -1.489, -0.367, 0.549, 0
-2.385, -0.749, -0.304, -1.078, 1
-2.294, -0.742, 0.246, -0.254, 2
-2.358, -1.491, -0.369, 0.549, 0
-2.389, -0.758, -0.309, -1.074, 1
-2.31, -0.753, 0.243, -0.189, 2
-2.373, -1.507, -0.376, 0.573, 0
-2.375, -0.759, -0.314, 1.166, 1
-2.341, -0.767, 0.239, -0.191, 2
-2.389, -1.519, -0.379, 0.557, 0
-2.41, -0.772, -0.32, -0.841, 1
-2.338, -0.767, 0.239, -0.072, 2
-2.404, -1.528, -0.378, 0.541, 0
-2.391, -0.766, -0.314, -1.014, 1
-2.307, -0.757, 0.238, -0.029, 2
-2.372, -1.506, -0.374, 0.579, 0
-2.393, -0.765, -0.315, -1.163, 1
-2.325, -0.763, 0.237, -0.057, 2
-2.413, -1.529, -0.391, 0.604, 0
-2.413, -0.77, -0.326, -1.166, 1
-2.299, -0.753, 0.224, -0.156, 2
-2.387, -1.509, -0.398, 0.566, 0
-2.389, -0.76, -0.333, 1.103, 1
-2.328, -0.76, 0.218, -0.083, 2
-2.395, -1.508, -0.404, 0.559, 0
-2.401, -0.758, -0.338, -1.155, 1
-2.314, -0.751, 0.213, -0.107, 2
-2.402, -1.506, -0.408, 0.569, 0
-2.419, -0.76, -0.343, -0.943, 1
-2.329, -0.751, 0.211, -0.072, 2
-2.422, -1.51, -0.418, 0.587, 0
-2.432, -0.757, -0.35, -0.959, 1
-2.34, -0.749, 0.205, -0.09, 2
-2.434, -1.509, -0.426, 0.573, 0
-2.425, -0.748, -0.355, -1.052, 1
-2.34, -0.744, 0.2, -0.17, 2
-2.394, -1.477, -0.42, 0.532, 0
-2.418, -0.74, -0.355, -1.11, 1
-2.336, -0.737, 0.198, -0.078, 2
-2.385, -1.464, -0.422, 0.609, 0
-2.432, -0.738, -0.361, -1.096, 1
-2.321, -0.726, 0.191, -0.334, 2
-2.399, -1.467, -0.429, 0.605, 0
-2.435, -0.734, -0.366, -1.188, 1
-2.332, -0.725, 0.186, -0.133, 2
-2.429, -1.48, -0.441, 0.541, 0
-2.439, -0.732, -0.373, -1.36, 1
-2.351, -0.727, 0.181, -0.095, 2
-2.447, -1.482, -0.451, 0.654, 0
-2.442, -0.725, -0.378, -1.0, 1
-2.322, -0.712, 0.174, -0.101, 2
-2.435, -1.461, -0.451, 0.584, 0
-2.439, -0.713, -0.38, -1.196, 1
-2.363, -0.713, 0.175, -0.06, 2
-2.422, -1.438, -0.452, 0.599, 0
-2.469, -0.709, -0.387, -0.914, 1
-2.387, -0.71, 0.171, -0.058, 2
-2.469, -1.451, -0.472, 0.622, 0
-2.456, -0.693, -0.394, -1.167, 1
-2.383, -0.698, 0.161, 0.015, 2
-2.464, -1.433, -0.482, 0.607, 0
-2.469, -0.684, -0.405, -1.077, 1
-2.378, -0.687, 0.152, -0.008, 2
-2.447, -1.411, -0.486, 0.618, 0
-2.458, -0.671, -0.408, -1.104, 1
-2.372, -0.678, 0.147, -0.231, 2
-2.448, -1.402, -0.489, 0.655, 0
-2.443, -0.659, -0.408, 1.227, 1
-2.402, -0.68, 0.145, 0.435, 2
-2.435, -1.391, -0.492, 0.584, 0
-2.446, -0.657, -0.416, 1.143, 1
-2.371, -0.669, 0.136, -0.357, 2
-2.422, -1.387, -0.49, 0.668, 0
-2.444, -0.659, -0.418, 1.238, 1
-2.375, -0.671, 0.135, -0.416, 2
-2.423, -1.393, -0.484, 0.692, 0
-2.452, -0.667, -0.416, -1.132, 1
-2.372, -0.672, 0.138, -0.45, 2
-2.434, -1.401, -0.479, 0.635, 0
-2.447, -0.667, -0.412, 1.16, 1
-2.371, -0.671, 0.14, -0.349, 2
-2.448, -1.409, -0.477, 0.6, 0
-2.427, -0.662, -0.407, 1.1, 1
-2.371, -0.67, 0.14, -0.454, 2
-2.459, -1.418, -0.487, 0.734, 0
-2.478, -0.677, -0.424, 1.254, 1
-2.377, -0.673, 0.131, -0.73, 2
-2.45, -1.417, -0.5, 0.731, 0
-2.438, -0.67, -0.433, 1.317, 1
-2.381, -0.677, 0.115, -0.5, 2
-2.453, -1.419, -0.51, 0.69, 0
-2.438, -0.671, -0.442, 1.115, 1
-2.382, -0.675, 0.109, -0.511, 2
-2.468, -1.421, -0.516, 0.654, 0
-2.47, -0.674, -0.451, 1.155, 1
-2.397, -0.673, 0.105, -0.332, 2
-2.458, -1.409, -0.518, 0.695, 0
-2.473, -0.67, -0.456, 1.19, 1
-2.402, -0.671, 0.101, -0.199, 2
-2.475, -1.412, -0.529, 0.711, 0
-2.463, -0.662, -0.458, 1.255, 1
-2.404, -0.669, 0.096, -0.201, 2
-2.479, -1.411, -0.536, 0.654, 0
-2.471, -0.661, -0.465, 1.269, 1
-2.366, -0.656, 0.09, -0.316, 2
-2.448, -1.393, -0.532, 0.766, 0
-2.453, -0.656, -0.464, 1.197, 1
-2.383, -0.661, 0.088, -0.375, 2
-2.455, -1.398, -0.536, 0.721, 0
-2.449, -0.656, -0.465, 1.255, 1
-2.393, -0.666, 0.087, -0.316, 2
-2.465, -1.405, -0.54, 0.634, 0
-2.477, -0.665, -0.472, -1.237, 1
-2.394, -0.669, 0.084, -0.381, 2
-2.477, -1.415, -0.55, 0.749, 0
-2.433, -0.656, -0.471, 1.325, 1
-2.377, -0.668, 0.076, -0.769, 2
-2.458, -1.408, -0.558, 0.759, 0
-2.486, -0.674, -0.491, 1.119, 1
-2.391, -0.676, 0.067, -0.663, 2
-2.437, -1.399, -0.563, 0.645, 0
-2.459, -0.67, -0.492, 1.257, 1
-2.4, -0.683, 0.061, -0.663, 2
-2.447, -1.405, -0.572, 0.717, 0
-2.453, -0.668, -0.496, 1.262, 1
-2.398, -0.682, 0.057, -0.614, 2
-2.465, -1.413, -0.579, 0.66, 0
-2.479, -0.674, -0.503, -1.098, 1
-2.384, -0.679, 0.054, -0.488, 2
-2.453, -1.412, -0.579, 0.674, 0
-2.47, -0.676, -0.504, 1.018, 1
-2.377, -0.682, 0.051, -0.595, 2
-2.467, -1.432, -0.585, 0.633, 0
-2.479, -0.688, -0.51, -1.066, 1
-2.381, -0.692, 0.048, -0.463, 2
-2.454, -1.431, -0.579, 0.6, 0
-2.481, -0.697, -0.508, 1.208, 1
-2.376, -0.697, 0.051, -0.533, 2
-2.471, -1.442, -0.58, 0.609, 0
-2.461, -0.692, -0.502, 1.179, 1
-2.402, -0.704, 0.054, -0.425, 2
-2.482, -1.446, -0.586, 0.659, 0
-2.466, -0.691, -0.504, -1.16, 1
-2.408, -0.704, 0.051, -0.459, 2
-2.456, -1.427, -0.587, 0.683, 0
-2.48, -0.692, -0.512, 1.25, 1
-2.39, -0.698, 0.044, -0.395, 2
-2.44, -1.419, -0.588, 0.706, 0
-2.46, -0.687, -0.512, 1.139, 1
-2.398, -0.701, 0.043, -0.515, 2
-2.455, -1.429, -0.585, 0.721, 0
-2.484, -0.695, -0.512, -1.102, 1
-2.402, -0.704, 0.05, -0.428, 2
-2.456, -1.432, -0.575, 0.586, 0
-2.493, -0.701, -0.506, -1.077, 1
-2.376, -0.697, 0.055, -0.493, 2
-2.433, -1.421, -0.566, 0.703, 0
-2.489, -0.701, -0.504, -1.119, 1
-2.394, -0.7, 0.056, -0.542, 2
-2.47, -1.435, -0.57, 0.715, 0
-2.486, -0.694, -0.5, -1.051, 1
-2.373, -0.685, 0.059, -0.36, 2
-2.442, -1.403, -0.559, 0.61, 0
-2.474, -0.677, -0.494, 0.967, 1
-2.398, -0.679, 0.062, -0.419, 2
-2.493, -1.411, -0.567, 0.687, 0
-2.479, -0.66, -0.491, 1.0, 1
-2.38, -0.656, 0.065, 0.27, 2
-2.5, -1.393, -0.562, 0.638, 0
-2.493, -0.645, -0.488, 1.042, 1
-2.387, -0.64, 0.069, 0.268, 2
-2.481, -1.368, -0.554, 0.67, 0
-2.477, -0.628, -0.482, 1.175, 1
-2.377, -0.627, 0.073, 0.654, 2
-2.512, -1.379, -0.554, 0.635, 0
-2.466, -0.62, -0.473, 1.087, 1
-2.412, -0.633, 0.08, -0.469, 2
-2.493, -1.369, -0.542, 0.708, 0
-2.468, -0.62, -0.466, 1.229, 1
-2.405, -0.632, 0.088, -0.545, 2
-2.461, -1.352, -0.529, 0.674, 0
-2.474, -0.622, -0.462, 1.124, 1
-2.41, -0.63, 0.093, -0.524, 2
-2.481, -1.356, -0.523, 0.72, 0
-2.469, -0.615, -0.453, 1.12, 1
-2.399, -0.618, 0.1, -0.471, 2
-2.484, -1.35, -0.511, 0.753, 0
-2.476, -0.608, -0.445, 1.212, 1
-2.403, -0.61, 0.109, -0.615, 2
-2.482, -1.342, -0.498, 0.714, 0
-2.467, -0.6, -0.434, 1.149, 1
-2.401, -0.603, 0.118, -0.453, 2
-2.467, -1.33, -0.492, 0.689, 0
-2.483, -0.6, -0.435, 1.268, 1
-2.421, -0.602, 0.118, -0.244, 2
-2.494, -1.336, -0.502, 0.687, 0
-2.536, -0.604, -0.449, -1.141, 1
-2.415, -0.59, 0.112, 0.022, 2
-2.551, -1.353, -0.522, -0.746, 0
-2.533, -0.59, -0.459, -1.474, 1
-2.443, -0.583, 0.102, 0.046, 2
-2.605, -1.365, -0.556, -0.778, 0
-2.52, -0.572, -0.476, 1.539, 1
-2.447, -0.57, 0.081, -1.216, 2
-2.62, -1.357, -0.593, -0.818, 0
-2.496, -0.551, -0.501, 1.344, 1
-2.421, -0.549, 0.052, -1.094, 2
-2.53, -1.289, -0.592, 0.622, 0
-2.54, -0.542, -0.527, -1.35, 1
-2.417, -0.531, 0.04, -0.099, 2
-2.477, -1.242, -0.581, 0.577, 0
-2.498, -0.514, -0.517, 0.919, 1
-2.38, -0.507, 0.042, 0.318, 2
-2.494, -1.237, -0.58, 0.653, 0
-2.491, -0.5, -0.512, 1.146, 1
-2.389, -0.498, 0.045, 0.257, 2
-2.5, -1.233, -0.58, 0.589, 0
-2.513, -0.496, -0.516, -1.241, 1
-2.389, -0.49, 0.045, 0.254, 2
-2.471, -1.21, -0.574, 0.671, 0
-2.491, -0.484, -0.513, 1.248, 1
-2.41, -0.484, 0.045, -0.164, 2
-2.482, -1.204, -0.573, 0.739, 0
-2.489, -0.472, -0.51, 1.025, 1
-2.406, -0.472, 0.048, 0.486, 2
-2.481, -1.194, -0.567, 0.725, 0
-2.478, -0.46, -0.504, 1.185, 1
-2.419, -0.465, 0.052, -0.45, 2
-2.468, -1.179, -0.563, 0.75, 0
-2.487, -0.454, -0.502, 1.116, 1
-2.402, -0.455, 0.053, -0.195, 2
-2.487, -1.179, -0.569, 0.69, 0
-2.521, -0.451, -0.511, -1.039, 1
-2.423, -0.449, 0.053, -0.225, 2
-2.497, -1.168, -0.568, 0.618, 0
-2.502, -0.433, -0.504, 1.098, 1
-2.391, -0.428, 0.055, 0.307, 2
-2.484, -1.148, -0.561, 0.677, 0
-2.502, -0.419, -0.501, 1.121, 1
-2.398, -0.417, 0.058, 0.298, 2
-2.484, -1.138, -0.565, 0.721, 0
-2.506, -0.411, -0.505, -1.431, 1
-2.418, -0.412, 0.053, -0.134, 2
-2.467, -1.126, -0.568, 0.853, 0
-2.492, -0.403, -0.51, 1.402, 1
-2.41, -0.405, 0.046, 0.441, 2
-2.512, -1.143, -0.584, 0.747, 0
-2.49, -0.398, -0.517, 1.401, 1
-2.42, -0.401, 0.039, -0.861, 2
-2.465, -1.118, -0.576, 0.669, 0
-2.496, -0.395, -0.523, 1.342, 1
-2.399, -0.392, 0.036, 0.241, 2
-2.46, -1.111, -0.574, 0.724, 0
-2.482, -0.388, -0.52, 1.277, 1
-2.406, -0.387, 0.037, -0.313, 2
-2.482, -1.115, -0.578, 0.7, 0
-2.469, -0.379, -0.515, 1.225, 1
-2.387, -0.378, 0.04, 0.814, 2
-2.479, -1.104, -0.57, 0.667, 0
-2.488, -0.373, -0.511, 1.305, 1
-2.401, -0.372, 0.047, 0.565, 2
-2.489, -1.1, -0.572, 0.763, 0
-2.483, -0.364, -0.51, 1.413, 1
-2.402, -0.365, 0.045, -0.036, 2
-2.48, -1.093, -0.573, 0.768, 0
-2.467, -0.358, -0.511, 1.452, 1
-2.399, -0.358, 0.042, 0.414, 2
-2.481, -1.087, -0.569, 0.701, 0
-2.462, -0.351, -0.509, 1.282, 1
-2.4, -0.35, 0.045, 0.575, 2
-2.467, -1.07, -0.557, 0.67, 0
-2.462, -0.341, -0.503, 1.05, 1
-2.391, -0.336, 0.05, 0.441, 2
-2.491, -1.065, -0.557, 0.687, 0
-2.487, -0.33, -0.504, 1.102, 1
-2.388, -0.321, 0.053, 0.14, 2
-2.521, -1.057, -0.563, 0.555, 0
-2.522, -0.315, -0.509, -1.087, 1
-2.388, -0.303, 0.055, -0.025, 2
-2.495, -1.025, -0.558, 0.618, 0
-2.515, -0.294, -0.507, -1.046, 1
-2.4, -0.287, 0.055, -0.015, 2
-2.54, -1.021, -0.57, 0.668, 0
-2.514, -0.275, -0.507, -1.035, 1
-2.396, -0.269, 0.055, 0.182, 2
-2.495, -0.986, -0.559, 0.696, 0
-2.514, -0.258, -0.506, 1.434, 1
-2.382, -0.254, 0.056, 0.14, 2
-2.494, -0.975, -0.558, 0.661, 0
-2.488, -0.244, -0.5, 1.345, 1
-2.389, -0.243, 0.056, 0.171, 2
-2.48, -0.958, -0.553, 0.673, 0
-2.505, -0.235, -0.503, 1.341, 1
-2.394, -0.232, 0.058, 0.733, 2
-2.512, -0.958, -0.558, 0.675, 0
-2.513, -0.223, -0.502, -1.424, 1
-2.387, -0.22, 0.059, 0.21, 2
-2.491, -0.937, -0.549, 0.707, 0
-2.478, -0.208, -0.493, 1.373, 1
-2.383, -0.207, 0.062, 0.668, 2
-2.534, -0.94, -0.556, 0.679, 0
-2.491, -0.196, -0.492, 1.232, 1
-2.405, -0.196, 0.066, -0.207, 2
-2.517, -0.919, -0.552, 0.688, 0
-2.482, -0.181, -0.49, 1.336, 1
-2.408, -0.183, 0.066, -0.585, 2
-2.481, -0.894, -0.545, 0.751, 0
-2.507, -0.171, -0.496, -1.516, 1
-2.395, -0.172, 0.064, 0.115, 2
-2.491, -0.887, -0.548, 0.633, 0
-2.487, -0.159, -0.493, 1.556, 1
-2.383, -0.159, 0.064, 0.177, 2
-2.495, -0.873, -0.545, 0.713, 0
-2.489, -0.144, -0.491, 1.06, 1
-2.388, -0.144, 0.067, 0.467, 2
-2.512, -0.863, -0.543, 0.652, 0
-2.479, -0.129, -0.485, 1.395, 1
-2.392, -0.129, 0.071, -0.007, 2
-2.509, -0.849, -0.538, 0.661, 0
-2.506, -0.116, -0.487, 1.218, 1
-2.389, -0.116, 0.074, 0.084, 2
-2.511, -0.835, -0.537, 0.64, 0
-2.505, -0.103, -0.485, 1.569, 1
-2.391, -0.103, 0.075, -0.079, 2
-2.512, -0.823, -0.537, 0.7, 0
-2.5, -0.09, -0.483, 1.559, 1
-2.391, -0.091, 0.075, -0.117, 2
-2.519, -0.812, -0.54, 0.764, 0
-2.487, -0.077, -0.481, 1.544, 1
-2.384, -0.079, 0.075, -0.486, 2
-2.504, -0.795, -0.538, 0.636, 0
-2.485, -0.065, -0.482, 1.567, 1
-2.392, -0.068, 0.074, -0.15, 2
-2.518, -0.787, -0.544, 0.759, 0
-2.486, -0.052, -0.485, 1.426, 1
-2.382, -0.056, 0.071, -0.417, 2
-2.512, -0.775, -0.547, 0.787, 0
-2.477, -0.042, -0.487, 1.484, 1
-2.382, -0.047, 0.069, -0.717, 2
-2.535, -0.775, -0.555, 0.894, 0
-2.468, -0.034, -0.487, 1.506, 1
-2.381, -0.039, 0.067, 1.53, 2
-2.499, -0.758, -0.547, 0.795, 0
-2.458, -0.028, -0.487, 1.422, 1
-2.379, -0.033, 0.066, -0.444, 2
-2.496, -0.75, -0.547, 0.825, 0
-2.446, -0.02, -0.485, 1.355, 1
-2.389, -0.025, 0.065, 0.197, 2
-2.495, -0.741, -0.547, 0.771, 0
-2.462, -0.011, -0.49, 1.537, 1
-2.369, -0.014, 0.063, -0.328, 2
-2.494, -0.729, -0.546, 0.726, 0
-2.482, 0.001, -0.494, 1.334, 1
-2.372, -0.002, 0.064, -0.066, 2
-2.479, -0.712, -0.541, 0.706, 0
-2.481, 0.014, -0.492, 1.323, 1
-2.373, 0.012, 0.067, 0.184, 2
-2.495, -0.701, -0.538, 0.801, 0
-2.479, 0.028, -0.487, 1.46, 1
-2.376, 0.026, 0.072, 0.255, 2
-2.494, -0.69, -0.53, 0.781, 0
-2.465, 0.04, -0.48, 1.534, 1
-2.37, 0.039, 0.076, 0.028, 2
-2.504, -0.684, -0.532, 0.798, 0
-2.439, 0.047, -0.477, 1.281, 1
-2.363, 0.049, 0.071, 1.236, 2
-2.532, -0.681, -0.547, 0.908, 0
-2.444, 0.059, -0.488, 1.182, 1
-2.362, 0.062, 0.06, 1.064, 2
-2.56, -0.669, -0.567, 0.658, 0
-2.461, 0.079, -0.504, 0.909, 1
-2.348, 0.081, 0.05, -0.38, 2
-2.565, -0.641, -0.577, 0.635, 0
-2.484, 0.109, -0.516, 0.95, 1
-2.336, 0.106, 0.045, -0.182, 2
-2.486, -0.59, -0.561, 0.504, 0
-2.507, 0.14, -0.52, -0.552, 1
-2.36, 0.134, 0.049, 0.145, 2
-2.479, -0.561, -0.547, 0.634, 0
-2.476, 0.165, -0.503, 0.862, 1
-2.355, 0.159, 0.061, 0.248, 2
-2.471, -0.54, -0.531, 0.79, 0
-2.469, 0.183, -0.491, 1.302, 1
-2.364, 0.179, 0.07, 0.239, 2
-2.488, -0.533, -0.527, 0.796, 0
-2.455, 0.193, -0.487, 1.519, 1
-2.342, 0.19, 0.069, 1.5, 2
-2.495, -0.537, -0.525, 0.827, 0
-2.439, 0.19, -0.487, 1.448, 1
-2.361, 0.192, 0.067, 0.126, 2
-2.538, -0.558, -0.519, 0.999, 0
-2.411, 0.178, -0.474, 1.464, 1
-2.346, 0.186, 0.077, 1.406, 2
-2.538, -0.571, -0.497, 0.872, 0
-2.414, 0.166, -0.46, 1.381, 1
-2.343, 0.182, 0.089, 1.42, 2
-2.481, -0.562, -0.471, 0.928, 0
-2.399, 0.161, -0.451, 1.508, 1
-2.357, 0.188, 0.095, 1.067, 2
-2.478, -0.556, -0.46, 0.946, 0
-2.449, 0.171, -0.458, 1.438, 1
-2.366, 0.201, 0.096, -0.16, 2
-2.5, -0.552, -0.462, 0.711, 0
-2.426, 0.177, -0.456, 1.369, 1
-2.335, 0.21, 0.092, -0.431, 2
-2.528, -0.55, -0.473, 0.894, 0
-2.438, 0.187, -0.465, 1.423, 1
-2.32, 0.218, 0.083, 1.318, 2
-2.511, -0.541, -0.48, 0.902, 0
-2.42, 0.191, -0.471, 1.462, 1
-2.35, 0.224, 0.077, 1.528, 2
-2.476, -0.537, -0.478, 0.956, 0
-2.455, 0.192, -0.481, 1.485, 1
-2.359, 0.22, 0.076, 0.169, 2
-2.477, -0.545, -0.476, 0.788, 0
-2.432, 0.183, -0.474, 1.446, 1
-2.351, 0.213, 0.079, 0.021, 2
-2.472, -0.549, -0.471, 0.837, 0
-2.431, 0.179, -0.47, 1.538, 1
-2.341, 0.209, 0.082, -0.287, 2
-2.483, -0.553, -0.471, 0.926, 0
-2.389, 0.174, -0.457, 1.569, 1
-2.342, 0.205, 0.088, -0.219, 2
-2.476, -0.552, -0.471, 0.837, 0
-2.421, 0.177, -0.458, 1.555, 1
-2.343, 0.203, 0.094, 1.455, 2
-2.446, -0.543, -0.461, 0.887, 0
-2.383, 0.179, -0.44, 1.526, 1
-2.33, 0.202, 0.104, 1.488, 2
-2.456, -0.545, -0.46, 0.862, 0
-2.426, 0.183, -0.44, 1.402, 1
-2.336, 0.199, 0.112, -0.248, 2
-2.468, -0.553, -0.457, 0.94, 0
-2.407, 0.176, -0.429, 1.321, 1
-2.323, 0.192, 0.121, 1.5, 2
-2.485, -0.566, -0.447, 1.017, 0
-2.412, 0.168, -0.416, 1.235, 1
-2.331, 0.183, 0.136, -0.1, 2
-2.492, -0.583, -0.433, 0.749, 0
-2.417, 0.156, -0.403, 1.101, 1
-2.327, 0.173, 0.148, 1.305, 2
-2.463, -0.589, -0.415, 0.942, 0
-2.431, 0.144, -0.396, 1.216, 1
-2.321, 0.165, 0.156, 1.447, 2
-2.446, -0.591, -0.401, 0.904, 0
-2.406, 0.139, -0.383, 1.372, 1
-2.343, 0.168, 0.167, 0.779, 2
-2.416, -0.577, -0.383, 0.896, 0
-2.436, 0.148, -0.375, 1.477, 1
-2.315, 0.176, 0.177, 0.529, 2
-2.451, -0.569, -0.384, 0.806, 0
-2.468, 0.166, -0.373, 0.999, 1
-2.326, 0.192, 0.182, 0.18, 2
-2.498, -0.561, -0.397, 0.766, 0
-2.439, 0.183, -0.37, 0.936, 1
-2.312, 0.206, 0.181, -0.036, 2
-2.514, -0.545, -0.409, -1.253, 0
-2.426, 0.202, -0.373, 0.868, 1
-2.314, 0.221, 0.175, 1.223, 2
-2.456, -0.517, -0.413, 1.118, 0
-2.383, 0.214, -0.377, 1.116, 1
-2.304, 0.232, 0.165, -0.408, 2
-2.427, -0.503, -0.415, 1.036, 0
-2.405, 0.224, -0.388, 1.17, 1
-2.318, 0.239, 0.161, 0.004, 2
-2.452, -0.505, -0.427, 1.018, 0
-2.393, 0.227, -0.392, 1.267, 1
-2.316, 0.245, 0.153, -0.158, 2
-2.489, -0.504, -0.444, -1.153, 0
-2.362, 0.233, -0.399, 1.075, 1
-2.313, 0.256, 0.141, -0.405, 2
-2.48, -0.488, -0.459, 1.388, 0
-2.369, 0.248, -0.417, 1.031, 1
-2.292, 0.268, 0.124, 1.224, 2
-2.468, -0.474, -0.469, 1.148, 0
-2.38, 0.262, -0.43, 1.085, 1
-2.313, 0.281, 0.117, -0.076, 2
-2.457, -0.462, -0.474, -0.83, 0
-2.393, 0.274, -0.438, 1.182, 1
-2.31, 0.289, 0.113, 0.002, 2
-2.429, -0.449, -0.472, 1.115, 0
-2.398, 0.283, -0.441, 1.104, 1
-2.309, 0.296, 0.111, 0.021, 2
-2.411, -0.441, -0.471, 0.926, 0
-2.379, 0.286, -0.441, 1.317, 1
-2.319, 0.301, 0.108, 0.204, 2
-2.399, -0.44, -0.472, 1.041, 0
-2.386, 0.285, -0.447, 1.348, 1
-2.319, 0.301, 0.103, -0.142, 2
-2.395, -0.444, -0.476, 1.074, 0
-2.374, 0.28, -0.454, 1.391, 1
-2.319, 0.301, 0.092, 1.29, 2
-2.381, -0.444, -0.483, 1.141, 0
-2.385, 0.28, -0.469, 1.368, 1
-2.321, 0.303, 0.081, -0.363, 2
-2.395, -0.446, -0.495, 1.142, 0
-2.389, 0.282, -0.481, 1.198, 1
-2.311, 0.305, 0.07, -0.056, 2
-2.409, -0.445, -0.505, 1.011, 0
-2.388, 0.286, -0.488, 1.13, 1
-2.316, 0.311, 0.064, -0.094, 2
-2.416, -0.44, -0.512, 1.088, 0
-2.363, 0.289, -0.488, 1.109, 1
-2.315, 0.317, 0.06, -0.099, 2
-2.424, -0.436, -0.518, 1.15, 0
-2.38, 0.298, -0.498, 1.138, 1
-2.293, 0.322, 0.054, -0.322, 2
-2.397, -0.425, -0.52, 1.19, 0
-2.359, 0.302, -0.501, 1.146, 1
-2.29, 0.327, 0.046, -0.203, 2
-2.367, -0.416, -0.52, 1.168, 0
-2.375, 0.308, -0.512, 1.171, 1
-2.306, 0.335, 0.041, -0.19, 2
-2.427, -0.419, -0.536, 1.046, 0
-2.365, 0.314, -0.514, 1.126, 1
-2.306, 0.344, 0.037, -0.046, 2
-2.447, -0.412, -0.542, -1.095, 0
-2.378, 0.327, -0.52, 1.006, 1
-2.303, 0.355, 0.034, -0.088, 2
-2.411, -0.394, -0.537, 1.01, 0
-2.363, 0.337, -0.521, 1.042, 1
-2.288, 0.365, 0.03, -0.128, 2
-2.446, -0.384, -0.55, -0.89, 0
-2.377, 0.355, -0.529, 0.983, 1
-2.29, 0.382, 0.026, -0.151, 2
-2.438, -0.363, -0.552, -0.801, 0
-2.341, 0.368, -0.525, 0.991, 1
-2.289, 0.4, 0.024, -0.066, 2
-2.409, -0.343, -0.547, 0.797, 0
-2.378, 0.391, -0.535, 0.911, 1
-2.297, 0.416, 0.022, -0.06, 2
-2.439, -0.332, -0.556, -0.932, 0
-2.375, 0.406, -0.536, 0.827, 1
-2.274, 0.427, 0.021, -0.101, 2
-2.427, -0.311, -0.554, 0.736, 0
-2.382, 0.427, -0.539, 0.729, 1
-2.272, 0.447, 0.021, -0.033, 2
-2.426, -0.287, -0.551, 0.636, 0
-2.376, 0.45, -0.537, 0.83, 1
-2.289, 0.475, 0.022, -0.004, 2
-2.404, -0.258, -0.544, 0.445, 0
-2.379, 0.477, -0.537, 0.644, 1
-2.261, 0.496, 0.024, -0.012, 2
-2.414, -0.233, -0.545, 0.388, 0
-2.372, 0.503, -0.535, 0.864, 1
-2.265, 0.522, 0.026, -0.021, 2
-2.403, -0.208, -0.541, 0.494, 0
-2.367, 0.527, -0.533, 0.748, 1
-2.258, 0.544, 0.028, 0.04, 2
-2.411, -0.186, -0.541, 0.613, 0
-2.364, 0.548, -0.53, -0.768, 1
-2.256, 0.565, 0.029, 0.001, 2
-2.388, -0.163, -0.53, 0.696, 0
-2.368, 0.571, -0.528, -0.747, 1
-2.258, 0.589, 0.034, 0.029, 2
-2.389, -0.142, -0.523, 0.54, 0
-2.365, 0.594, -0.523, -0.716, 1
-2.24, 0.608, 0.038, 0.008, 2
-2.418, -0.122, -0.527, 0.91, 0
-2.35, 0.61, -0.52, -0.702, 1
-2.236, 0.627, 0.037, 0.045, 2
-2.402, -0.105, -0.524, 1.102, 0
-2.328, 0.622, -0.518, -0.699, 1
-2.241, 0.646, 0.035, 0.064, 2
-2.406, -0.09, -0.525, 0.762, 0
-2.32, 0.636, -0.519, -0.677, 1
-2.238, 0.662, 0.035, 0.058, 2
-2.384, -0.074, -0.516, 0.79, 0
-2.328, 0.654, -0.52, -0.66, 1
-2.23, 0.677, 0.037, 0.063, 2
-2.391, -0.061, -0.513, 0.901, 0
-2.315, 0.665, -0.516, -0.66, 1
-2.225, 0.692, 0.039, 0.054, 2
-2.406, -0.048, -0.512, 0.783, 0
-2.304, 0.676, -0.512, -0.658, 1
-2.23, 0.709, 0.04, 0.086, 2
-2.418, -0.032, -0.517, 1.41, 0
-2.301, 0.692, -0.514, -0.644, 1
-2.212, 0.719, 0.037, 0.058, 2
-2.414, -0.015, -0.519, 0.922, 0
-2.311, 0.713, -0.519, -0.619, 1
-2.228, 0.741, 0.037, 0.1, 2
-2.416, -0.0, -0.52, 1.031, 0
-2.288, 0.721, -0.514, -0.622, 1
-2.223, 0.753, 0.037, 0.108, 2
-2.405, 0.011, -0.521, 1.085, 0
-2.281, 0.731, -0.515, -0.61, 1
-2.196, 0.755, 0.035, 0.066, 2
-2.4, 0.021, -0.525, 1.284, 0
-2.278, 0.742, -0.519, -0.614, 1
-2.201, 0.766, 0.031, 0.065, 2
-2.377, 0.03, -0.526, 1.273, 0
-2.284, 0.754, -0.526, -0.615, 1
-2.206, 0.778, 0.027, 0.099, 2
-2.379, 0.038, -0.529, 0.923, 0
-2.262, 0.755, -0.524, -0.595, 1
-2.212, 0.789, 0.026, 0.103, 2
-2.371, 0.046, -0.524, 0.883, 0
-2.28, 0.771, -0.527, -0.572, 1
-2.218, 0.801, 0.029, 0.09, 2
-2.362, 0.056, -0.519, 1.052, 0
-2.281, 0.782, -0.523, -0.55, 1
-2.212, 0.808, 0.033, 0.091, 2
-2.342, 0.064, -0.512, 1.033, 0
-2.295, 0.796, -0.523, -0.535, 1
-2.197, 0.81, 0.037, 0.116, 2
-2.357, 0.068, -0.512, 1.251, 0
-2.256, 0.786, -0.51, -0.565, 1
-2.196, 0.813, 0.042, 0.179, 2
-2.342, 0.069, -0.507, 1.138, 0
-2.249, 0.786, -0.505, -0.57, 1
-2.189, 0.812, 0.044, 0.151, 2
-2.34, 0.071, -0.505, 1.027, 0
-2.27, 0.796, -0.51, -0.531, 1
-2.187, 0.814, 0.046, 0.14, 2
-2.34, 0.073, -0.499, 1.155, 0
-2.252, 0.792, -0.5, -0.544, 1
-2.203, 0.823, 0.053, 0.158, 2
-2.335, 0.075, -0.49, 1.142, 0
-2.256, 0.796, -0.493, -0.524, 1
-2.196, 0.822, 0.061, 0.176, 2
-2.339, 0.077, -0.486, 1.143, 0
-2.256, 0.799, -0.486, -0.505, 1
-2.188, 0.82, 0.068, 0.22, 2
-2.331, 0.078, -0.479, 1.18, 0
-2.242, 0.794, -0.476, -0.54, 1
-2.184, 0.818, 0.076, 0.209, 2
-2.332, 0.075, -0.466, 1.405, 0
-2.248, 0.794, -0.462, -0.525, 1
-2.194, 0.817, 0.094, 0.269, 2
-2.342, 0.07, -0.451, 1.363, 0
-2.247, 0.786, -0.443, -0.551, 1
-2.194, 0.809, 0.11, 0.225, 2
-2.352, 0.062, -0.443, 1.319, 0
-2.238, 0.775, -0.43, -0.522, 1
-2.198, 0.801, 0.12, 0.323, 2
-2.354, 0.053, -0.434, 1.304, 0
-2.238, 0.766, -0.417, -0.555, 1
-2.196, 0.79, 0.134, 0.25, 2
-2.342, 0.044, -0.416, 1.496, 0
-2.25, 0.761, -0.402, -0.536, 1
-2.182, 0.775, 0.151, 0.248, 2
-2.345, 0.036, -0.399, 1.512, 0
-2.247, 0.751, -0.384, -0.509, 1
-2.194, 0.772, 0.166, 0.361, 2
-2.359, 0.028, -0.39, 1.405, 0
-2.246, 0.742, -0.372, -0.499, 1
-2.202, 0.767, 0.178, 0.416, 2
-2.338, 0.023, -0.378, 1.222, 0
-2.25, 0.738, -0.362, -0.487, 1
-2.193, 0.758, 0.187, 0.353, 2
-2.341, 0.019, -0.371, 1.307, 0
-2.251, 0.734, -0.354, -0.482, 1
-2.202, 0.756, 0.196, 0.341, 2
-2.348, 0.014, -0.368, 1.195, 0
-2.265, 0.734, -0.35, -0.454, 1
-2.201, 0.747, 0.201, 0.328, 2
-2.365, 0.005, -0.368, 0.954, 0
-2.255, 0.72, -0.341, -0.469, 1
-2.197, 0.731, 0.208, 0.312, 2
-2.395, -0.009, -0.368, 0.768, 0
-2.274, 0.712, -0.335, -0.463, 1
-2.198, 0.713, 0.216, 0.296, 2
-2.397, -0.03, -0.36, -0.199, 0
-2.278, 0.691, -0.326, -0.485, 1
-2.219, 0.696, 0.228, 0.35, 2
-2.383, -0.059, -0.346, -0.237, 0
-2.263, 0.656, -0.311, -0.46, 1
-2.215, 0.665, 0.238, 0.329, 2
-2.383, -0.091, -0.336, -0.029, 0
-2.295, 0.633, -0.307, -0.456, 1
-2.215, 0.634, 0.243, 0.335, 2
-2.373, -0.12, -0.33, 0.454, 0
-2.318, 0.61, -0.305, -0.468, 1
-2.21, 0.606, 0.246, 0.352, 2
-2.367, -0.142, -0.327, 0.402, 0
-2.305, 0.583, -0.3, -0.507, 1
-2.222, 0.587, 0.25, 0.373, 2
-2.367, -0.159, -0.324, 0.423, 0
-2.301, 0.565, -0.295, -0.534, 1
-2.229, 0.571, 0.256, 0.407, 2
-2.39, -0.173, -0.321, 1.253, 0
-2.293, 0.55, -0.282, -0.548, 1
-2.228, 0.557, 0.268, 0.458, 2
-2.359, -0.181, -0.307, 1.356, 0
-2.282, 0.537, -0.267, -0.586, 1
-2.231, 0.544, 0.282, 0.609, 2
-2.415, -0.199, -0.302, -1.44, 0
-2.282, 0.522, -0.254, -0.541, 1
-2.231, 0.528, 0.294, 0.543, 2
-2.377, -0.219, -0.285, -0.14, 0
-2.295, 0.502, -0.243, -0.51, 1
-2.212, 0.498, 0.302, 0.384, 2
-2.37, -0.249, -0.273, -0.027, 0
-2.311, 0.474, -0.234, -0.505, 1
-2.223, 0.469, 0.314, 0.445, 2
-2.367, -0.281, -0.266, 0.077, 0
-2.321, 0.443, -0.225, -0.468, 1
-2.231, 0.438, 0.322, 0.384, 2
-2.358, -0.309, -0.262, 0.399, 0
-2.314, 0.413, -0.218, -0.485, 1
-2.239, 0.41, 0.327, 0.59, 2
-2.336, -0.328, -0.26, 0.689, 0
-2.359, 0.398, -0.221, -0.529, 1
-2.237, 0.386, 0.328, 0.551, 2
-2.337, -0.348, -0.264, 0.541, 0
-2.378, 0.38, -0.222, -0.548, 1
-2.251, 0.367, 0.329, 0.653, 2
-2.349, -0.369, -0.268, 0.718, 0
-2.365, 0.359, -0.219, -0.549, 1
-2.252, 0.345, 0.331, 0.616, 2
-2.337, -0.384, -0.272, 0.806, 0
-2.376, 0.343, -0.22, -0.539, 1
-2.27, 0.327, 0.332, 0.76, 2
-2.33, -0.399, -0.279, 0.719, 0
-2.377, 0.325, -0.224, -0.613, 1
-2.258, 0.304, 0.326, 0.696, 2
-2.349, -0.422, -0.288, 0.698, 0
-2.352, 0.302, -0.224, -0.632, 1
-2.268, 0.283, 0.325, 0.727, 2
-2.353, -0.444, -0.293, 0.786, 0
-2.369, 0.282, -0.227, -0.61, 1
-2.262, 0.257, 0.322, 0.695, 2
-2.34, -0.463, -0.299, 0.844, 0
-2.413, 0.264, -0.236, -0.681, 1
-2.278, 0.237, 0.316, 0.827, 2
-2.316, -0.477, -0.309, 0.89, 0
-2.397, 0.243, -0.246, -0.497, 1
-2.265, 0.215, 0.303, 0.771, 2
-2.34, -0.501, -0.325, 0.925, 0
-2.402, 0.223, -0.258, 0.881, 1
-2.276, 0.197, 0.292, 0.835, 2
-2.312, -0.513, -0.337, 0.963, 0
-2.399, 0.205, -0.273, 1.222, 1
-2.28, 0.179, 0.277, 0.896, 2
-2.329, -0.533, -0.352, 0.845, 0
-2.392, 0.187, -0.287, 0.667, 1
-2.297, 0.167, 0.266, 1.005, 2
-2.315, -0.549, -0.357, 0.827, 0
-2.413, 0.17, -0.302, 0.974, 1
-2.295, 0.152, 0.251, 1.034, 2
-2.304, -0.567, -0.369, 0.863, 0
-2.39, 0.149, -0.319, 1.086, 1
-2.278, 0.136, 0.229, 1.086, 2
-2.328, -0.588, -0.393, 1.035, 0
-2.355, 0.132, -0.338, 1.403, 1
-2.293, 0.128, 0.207, 1.134, 2
-2.332, -0.597, -0.411, 1.08, 0
-2.348, 0.125, -0.357, 1.506, 1
-2.286, 0.124, 0.188, 1.286, 2
-2.364, -0.605, -0.427, 1.169, 0
-2.343, 0.125, -0.369, 1.356, 1
-2.29, 0.127, 0.178, 1.529, 2
-2.349, -0.597, -0.431, 1.012, 0
-2.34, 0.128, -0.375, 1.175, 1
-2.274, 0.13, 0.17, 1.494, 2
-2.385, -0.602, -0.444, 1.241, 0
-2.339, 0.132, -0.383, 1.139, 1
-2.289, 0.136, 0.162, 1.559, 2
-2.381, -0.594, -0.457, 1.218, 0
-2.333, 0.139, -0.396, 1.168, 1
-2.281, 0.142, 0.146, 1.226, 2
-2.369, -0.586, -0.468, 1.256, 0
-2.345, 0.143, -0.414, 1.293, 1
-2.281, 0.147, 0.13, 1.428, 2
-2.362, -0.579, -0.481, 1.158, 0
-2.329, 0.148, -0.427, 1.214, 1
-2.295, 0.157, 0.116, 1.209, 2
-2.405, -0.578, -0.497, -0.871, 0
-2.331, 0.158, -0.44, 1.147, 1
-2.284, 0.17, 0.104, 1.253, 2
-2.402, -0.565, -0.503, 0.682, 0
-2.349, 0.171, -0.454, 1.05, 1
-2.283, 0.184, 0.095, -0.297, 2
-2.363, -0.543, -0.493, 0.969, 0
-2.369, 0.184, -0.461, 0.941, 1
-2.283, 0.198, 0.092, -0.163, 2
-2.368, -0.535, -0.491, 0.919, 0
-2.373, 0.193, -0.463, 1.051, 1
-2.288, 0.208, 0.09, -0.205, 2
-2.406, -0.534, -0.501, 1.029, 0
-2.363, 0.201, -0.466, 1.091, 1
-2.284, 0.22, 0.083, -0.387, 2
-2.455, -0.529, -0.523, -1.117, 0
-2.351, 0.215, -0.477, 1.073, 1
-2.288, 0.236, 0.069, -0.349, 2
-2.412, -0.502, -0.523, 0.779, 0
-2.365, 0.234, -0.488, 0.739, 1
-2.298, 0.253, 0.065, -0.082, 2
-2.379, -0.481, -0.51, 0.86, 0
-2.397, 0.249, -0.489, 1.33, 1
-2.305, 0.264, 0.072, 0.234, 2
-2.367, -0.47, -0.498, 1.021, 0
-2.364, 0.253, -0.474, 1.178, 1
-2.302, 0.271, 0.079, 0.308, 2
-2.389, -0.471, -0.494, 1.073, 0
-2.363, 0.255, -0.467, 1.216, 1
-2.298, 0.273, 0.084, -0.036, 2
-2.403, -0.472, -0.495, 1.006, 0
-2.414, 0.262, -0.475, 1.132, 1
-2.304, 0.277, 0.083, -0.215, 2
-2.416, -0.47, -0.503, 1.114, 0
-2.406, 0.266, -0.478, 1.17, 1
-2.293, 0.28, 0.078, -0.305, 2
-2.399, -0.459, -0.505, 1.012, 0
-2.365, 0.268, -0.476, 1.183, 1
-2.296, 0.286, 0.072, -0.08, 2
-2.379, -0.452, -0.505, 1.127, 0
-2.41, 0.275, -0.489, 1.213, 1
-2.313, 0.29, 0.068, 0.115, 2
-2.396, -0.46, -0.513, 1.04, 0
-2.407, 0.27, -0.494, 1.369, 1
-2.31, 0.286, 0.061, 0.984, 2
-2.379, -0.466, -0.514, 1.033, 0
-2.394, 0.26, -0.5, 1.389, 1
-2.309, 0.281, 0.051, 1.492, 2
-2.379, -0.472, -0.518, 1.168, 0
-2.388, 0.254, -0.508, 1.397, 1
-2.283, 0.276, 0.042, -0.283, 2
-2.39, -0.472, -0.521, 1.081, 0
-2.395, 0.256, -0.512, 1.205, 1
-2.306, 0.283, 0.041, -0.215, 2
-2.416, -0.47, -0.524, 0.995, 0
-2.408, 0.263, -0.512, 1.217, 1
-2.298, 0.288, 0.042, -0.261, 2
-2.408, -0.463, -0.529, 1.304, 0
-2.391, 0.266, -0.514, 1.254, 1
-2.302, 0.291, 0.034, 1.57, 2
-2.386, -0.46, -0.53, 1.087, 0
-2.403, 0.265, -0.523, 1.205, 1
-2.313, 0.29, 0.029, -0.064, 2
-2.404, -0.47, -0.531, 1.11, 0
-2.389, 0.257, -0.518, 1.229, 1
-2.318, 0.286, 0.03, -0.169, 2
-2.404, -0.472, -0.53, 1.016, 0
-2.411, 0.256, -0.524, 1.264, 1
-2.317, 0.286, 0.026, -0.401, 2
-2.42, -0.472, -0.534, 1.025, 0
-2.403, 0.258, -0.526, 1.241, 1
-2.309, 0.29, 0.022, -0.314, 2
-2.455, -0.469, -0.546, 0.928, 0
-2.395, 0.265, -0.529, 1.098, 1
-2.309, 0.299, 0.018, -0.298, 2
-2.434, -0.454, -0.543, 1.136, 0
-2.411, 0.277, -0.533, 1.242, 1
-2.313, 0.308, 0.018, -0.303, 2
-2.428, -0.446, -0.542, 1.217, 0
-2.419, 0.284, -0.536, 1.224, 1
-2.323, 0.315, 0.013, -0.29, 2
-2.441, -0.445, -0.552, 1.244, 0
-2.402, 0.285, -0.541, 1.289, 1
-2.314, 0.318, 0.006, -0.247, 2
-2.408, -0.434, -0.542, 1.127, 0
-2.409, 0.29, -0.54, 1.317, 1
-2.328, 0.325, 0.009, -0.115, 2
-2.427, -0.43, -0.54, 1.155, 0
-2.439, 0.3, -0.54, 1.171, 1
-2.329, 0.331, 0.014, -0.23, 2
-2.462, -0.428, -0.546, 0.947, 0
-2.414, 0.304, -0.532, 1.261, 1
-2.324, 0.337, 0.017, -0.092, 2
-2.444, -0.417, -0.54, 1.104, 0
-2.424, 0.314, -0.53, 1.264, 1
-2.317, 0.342, 0.021, -0.246, 2
-2.465, -0.408, -0.549, 1.403, 0
-2.423, 0.325, -0.53, 1.102, 1
-2.317, 0.352, 0.018, 1.352, 2
-2.448, -0.395, -0.558, 1.326, 0
-2.396, 0.332, -0.535, 1.346, 1
-2.318, 0.357, 0.008, -0.33, 2
-2.447, -0.396, -0.561, 1.288, 0
-2.408, 0.332, -0.54, 1.237, 1
-2.306, 0.352, 0.009, -0.274, 2
-2.445, -0.405, -0.545, 1.562, 0
-2.395, 0.321, -0.523, 1.188, 1
-2.297, 0.342, 0.026, -0.465, 2
-2.451, -0.416, -0.524, 1.323, 0
-2.391, 0.31, -0.501, 1.185, 1
-2.314, 0.336, 0.043, -0.232, 2
-2.467, -0.427, -0.52, 1.103, 0
-2.427, 0.305, -0.501, 1.231, 1
-2.323, 0.329, 0.047, -0.124, 2
-2.442, -0.431, -0.507, 1.355, 0
-2.41, 0.295, -0.488, 1.244, 1
-2.317, 0.319, 0.059, -0.377, 2
-2.446, -0.435, -0.496, 1.273, 0
-2.446, 0.295, -0.481, 1.178, 1
-2.324, 0.318, 0.068, 1.494, 2
-2.437, -0.433, -0.499, 1.344, 0
-2.412, 0.291, -0.478, 1.304, 1
-2.345, 0.321, 0.061, 1.547, 2
-2.429, -0.432, -0.508, 1.243, 0
-2.42, 0.293, -0.491, 1.361, 1
-2.342, 0.321, 0.052, 1.529, 2
-2.448, -0.435, -0.519, 1.14, 0
-2.42, 0.293, -0.496, 1.336, 1
-2.333, 0.318, 0.05, -0.256, 2
-2.431, -0.433, -0.51, 1.411, 0
-2.428, 0.292, -0.492, 1.263, 1
-2.326, 0.313, 0.058, -0.431, 2
-2.442, -0.44, -0.501, 1.276, 0
-2.427, 0.287, -0.479, 1.239, 1
-2.324, 0.309, 0.067, -0.229, 2
-2.438, -0.44, -0.502, 1.284, 0
-2.395, 0.282, -0.476, 1.323, 1
-2.338, 0.312, 0.06, 1.467, 2
-2.43, -0.437, -0.511, 1.401, 0
-2.456, 0.292, -0.498, 1.277, 1
-2.324, 0.312, 0.052, -0.433, 2
-2.442, -0.436, -0.521, 1.3, 0
-2.43, 0.291, -0.5, 1.324, 1
-2.322, 0.314, 0.046, -0.328, 2
-2.449, -0.427, -0.542, 1.508, 0
-2.423, 0.302, -0.515, 1.264, 1
-2.319, 0.322, 0.028, 1.393, 2
-2.429, -0.419, -0.552, 1.388, 0
-2.409, 0.306, -0.527, 1.228, 1
-2.32, 0.327, 0.015, 1.421, 2
-2.425, -0.419, -0.563, 1.184, 0
-2.407, 0.305, -0.538, 1.419, 1
-2.337, 0.328, 0.003, 1.465, 2
-2.424, -0.422, -0.572, 1.236, 0
-2.425, 0.304, -0.553, 1.331, 1
-2.328, 0.326, -0.006, 1.35, 2
-2.437, -0.423, -0.585, 1.374, 0
-2.41, 0.305, -0.56, 1.227, 1
-2.317, 0.327, -0.017, 1.26, 2
-2.426, -0.416, -0.602, 1.448, 0
-2.381, 0.306, -0.57, 1.337, 1
-2.321, 0.331, -0.035, 1.463, 2
-2.425, -0.412, -0.622, 1.514, 0
-2.387, 0.312, -0.59, 1.334, 1
-2.318, 0.334, -0.05, 1.291, 2
-2.437, -0.408, -0.637, 1.343, 0
-2.405, 0.321, -0.606, 1.206, 1
-2.328, 0.341, -0.06, -0.476, 2
-2.443, -0.404, -0.648, 1.284, 0
-2.405, 0.325, -0.616, 1.197, 1
-2.322, 0.344, -0.069, 1.302, 2
-2.43, -0.399, -0.658, 1.358, 0
-2.416, 0.331, -0.632, 1.255, 1
-2.327, 0.347, -0.084, 1.495, 2
-2.417, -0.396, -0.669, 1.297, 0
-2.436, 0.334, -0.653, 1.337, 1
-2.326, 0.347, -0.093, -0.575, 2
-2.387, -0.394, -0.64, 1.411, 0
-2.372, 0.32, -0.616, 1.45, 1
-2.328, 0.345, -0.066, 1.431, 2
-2.431, -0.402, -0.627, 1.209, 0
-2.431, 0.327, -0.609, 1.271, 1
-2.33, 0.346, -0.056, -0.576, 2
-2.425, -0.4, -0.64, 1.369, 0
-2.4, 0.325, -0.614, 1.277, 1
-2.332, 0.346, -0.069, -0.459, 2
-2.419, -0.395, -0.642, 1.2, 0
-2.419, 0.332, -0.619, 1.234, 1
-2.33, 0.349, -0.065, -0.427, 2
-2.43, -0.393, -0.633, 1.297, 0
-2.431, 0.337, -0.612, 1.275, 1
-2.341, 0.354, -0.056, -0.467, 2
-2.437, -0.397, -0.627, 1.187, 0
-2.439, 0.334, -0.608, 1.221, 1
-2.349, 0.352, -0.052, -0.382, 2
-2.443, -0.405, -0.626, 1.204, 0
-2.411, 0.324, -0.598, 1.235, 1
-2.331, 0.343, -0.048, -0.396, 2
-2.435, -0.402, -0.617, 1.172, 0
-2.425, 0.327, -0.593, 1.184, 1
-2.34, 0.347, -0.041, -0.282, 2
-2.413, -0.392, -0.602, 1.246, 0
-2.424, 0.332, -0.584, 1.338, 1
-2.337, 0.352, -0.031, -0.386, 2
-2.442, -0.397, -0.595, 1.29, 0
-2.403, 0.328, -0.565, 1.233, 1
-2.342, 0.351, -0.019, -0.39, 2
-2.43, -0.403, -0.586, 1.143, 0
-2.455, 0.326, -0.573, 1.255, 1
-2.352, 0.345, -0.019, -0.229, 2
-2.431, -0.415, -0.59, 1.111, 0
-2.432, 0.313, -0.574, 1.328, 1
-2.356, 0.337, -0.025, -0.478, 2
-2.415, -0.419, -0.592, 1.245, 0
-2.425, 0.305, -0.578, 1.297, 1
-2.336, 0.33, -0.03, -0.416, 2
-2.444, -0.425, -0.6, 1.199, 0
-2.423, 0.305, -0.58, 1.204, 1
-2.335, 0.33, -0.031, -0.431, 2
-2.425, -0.417, -0.593, 1.219, 0
-2.431, 0.309, -0.579, 1.149, 1
-2.352, 0.336, -0.028, -0.283, 2
-2.45, -0.415, -0.599, 1.272, 0
-2.425, 0.315, -0.577, 1.188, 1
-2.33, 0.34, -0.029, -0.352, 2
-2.471, -0.408, -0.608, 1.052, 0
-2.455, 0.33, -0.587, 1.134, 1
-2.332, 0.35, -0.03, -0.394, 2
-2.484, -0.395, -0.611, 1.046, 0
-2.444, 0.343, -0.583, 1.17, 1
-2.351, 0.365, -0.028, -0.303, 2
-2.457, -0.378, -0.603, 1.058, 0
-2.435, 0.355, -0.577, 1.236, 1
-2.352, 0.376, -0.025, -0.127, 2
-2.45, -0.368, -0.598, 1.141, 0
-2.42, 0.361, -0.569, 1.293, 1
-2.33, 0.377, -0.019, -0.273, 2
-2.454, -0.367, -0.596, 1.133, 0
-2.415, 0.361, -0.564, 1.226, 1
-2.335, 0.377, -0.016, -0.225, 2
-2.451, -0.368, -0.592, 1.208, 0
-2.438, 0.363, -0.567, 1.272, 1
-2.33, 0.376, -0.014, -0.26, 2
-2.441, -0.368, -0.588, 1.193, 0
-2.424, 0.358, -0.562, 1.177, 1
-2.323, 0.373, -0.013, -0.379, 2
-2.441, -0.369, -0.586, 1.22, 0
-2.441, 0.361, -0.564, 1.25, 1
-2.323, 0.373, -0.011, -0.364, 2
-2.45, -0.37, -0.585, 1.18, 0
-2.441, 0.361, -0.56, 1.217, 1
-2.335, 0.374, -0.006, -0.364, 2
-2.457, -0.373, -0.584, 1.13, 0
-2.437, 0.359, -0.557, 1.255, 1
-2.315, 0.369, -0.006, -0.419, 2
-2.441, -0.373, -0.579, 1.202, 0
-2.444, 0.356, -0.559, 1.183, 1
-2.34, 0.373, -0.007, -0.235, 2
-2.455, -0.375, -0.585, 1.397, 0
-2.427, 0.354, -0.559, 1.242, 1
-2.331, 0.372, -0.01, -0.448, 2
-2.457, -0.371, -0.592, 1.249, 0
-2.423, 0.358, -0.564, 1.223, 1
-2.339, 0.377, -0.015, -0.301, 2
-2.43, -0.364, -0.588, 1.246, 0
-2.427, 0.362, -0.566, 1.18, 1
-2.331, 0.377, -0.016, -0.244, 2
-2.438, -0.364, -0.589, 1.288, 0
-2.428, 0.363, -0.564, 1.224, 1
-2.328, 0.376, -0.014, -0.34, 2
-2.455, -0.366, -0.595, 1.227, 0
-2.426, 0.363, -0.565, 1.242, 1
-2.339, 0.379, -0.015, -0.213, 2
-2.441, -0.366, -0.592, 1.239, 0
-2.424, 0.362, -0.565, 1.248, 1
-2.339, 0.378, -0.015, -0.229, 2
-2.438, -0.367, -0.589, 1.195, 0
-2.419, 0.359, -0.563, 1.268, 1
-2.329, 0.376, -0.015, -0.29, 2
-2.437, -0.368, -0.589, 1.178, 0
-2.427, 0.359, -0.566, 1.28, 1
-2.335, 0.376, -0.016, -0.223, 2
-2.444, -0.368, -0.592, 1.217, 0
-2.423, 0.36, -0.565, 1.266, 1
-2.327, 0.375, -0.017, -0.184, 2
-2.429, -0.365, -0.589, 1.258, 0
-2.409, 0.359, -0.562, 1.223, 1
-2.331, 0.376, -0.017, -0.168, 2
-2.431, -0.365, -0.591, 1.223, 0
-2.433, 0.363, -0.569, 1.199, 1
-2.322, 0.375, -0.018, -0.326, 2
-2.445, -0.368, -0.594, 1.175, 0
-2.422, 0.361, -0.567, 1.241, 1
-2.323, 0.375, -0.018, -0.281, 2
-2.447, -0.369, -0.593, 1.2, 0
-2.417, 0.358, -0.564, 1.335, 1
-2.325, 0.375, -0.016, -0.205, 2
-2.434, -0.367, -0.59, 1.222, 0
-2.425, 0.359, -0.566, 1.311, 1
-2.316, 0.373, -0.017, -0.279, 2
-2.443, -0.368, -0.593, 1.276, 0
-2.409, 0.358, -0.563, 1.311, 1
-2.323, 0.375, -0.017, -0.168, 2
-2.429, -0.364, -0.589, 1.216, 0
-2.407, 0.359, -0.561, 1.216, 1
-2.336, 0.378, -0.016, -0.208, 2
-2.432, -0.364, -0.59, 1.24, 0
-2.413, 0.36, -0.563, 1.212, 1
-2.336, 0.377, -0.016, -0.245, 2
-2.452, -0.369, -0.594, 1.123, 0
-2.416, 0.359, -0.564, 1.266, 1
-2.343, 0.378, -0.016, -0.041, 2
-2.433, -0.366, -0.588, 1.187, 0
-2.411, 0.358, -0.562, 1.311, 1
-2.338, 0.377, -0.016, -0.225, 2
-2.442, -0.367, -0.591, 1.205, 0
-2.407, 0.358, -0.561, 1.305, 1
-2.336, 0.377, -0.016, -0.199, 2
-2.447, -0.368, -0.592, 1.219, 0
-2.414, 0.359, -0.563, 1.247, 1
-2.329, 0.376, -0.016, -0.224, 2
-2.441, -0.367, -0.591, 1.195, 0
-2.412, 0.359, -0.563, 1.202, 1
-2.331, 0.376, -0.016, -0.153, 2
-2.437, -0.366, -0.591, 1.213, 0
-2.418, 0.36, -0.564, 1.249, 1
-2.34, 0.378, -0.016, -0.172, 2
-2.447, -0.368, -0.593, 1.213, 0
-2.401, 0.357, -0.56, 1.267, 1
-2.334, 0.377, -0.016, -0.166, 2
-2.444, -0.368, -0.592, 1.241, 0
-2.41, 0.358, -0.562, 1.312, 1
-2.317, 0.374, -0.017, -0.251, 2
-2.443, -0.368, -0.592, 1.228, 0
-2.423, 0.36, -0.566, 1.274, 1
-2.314, 0.373, -0.017, -0.259, 2
-2.443, -0.368, -0.592, 1.202, 0
-2.418, 0.359, -0.565, 1.303, 1
-2.318, 0.374, -0.017, -0.23, 2
-2.451, -0.369, -0.595, 1.208, 0
-2.418, 0.359, -0.565, 1.312, 1
-2.324, 0.375, -0.017, -0.195, 2
-2.451, -0.369, -0.595, 1.228, 0
-2.406, 0.358, -0.562, 1.29, 1
-2.324, 0.375, -0.017, -0.195, 2
-2.452, -0.369, -0.595, 1.235, 0
-2.413, 0.358, -0.564, 1.257, 1
-2.319, 0.374, -0.017, -0.227, 2
-2.455, -0.37, -0.595, 1.223, 0
-2.415, 0.359, -0.564, 1.275, 1
-2.319, 0.374, -0.017, -0.227, 2
-2.446, -0.368, -0.593, 1.202, 0
-2.412, 0.358, -0.563, 1.294, 1
-2.323, 0.375, -0.017, -0.201, 2
-2.448, -0.369, -0.594, 1.241, 0
-2.422, 0.36, -0.566, 1.257, 1
-2.319, 0.374, -0.017, -0.227, 2
-2.449, -0.369, -0.594, 1.195, 0
-2.408, 0.358, -0.562, 1.263, 1
-2.341, 0.378, -0.017, -0.135, 2
-2.449, -0.369, -0.594, 1.195, 0
-2.415, 0.359, -0.563, 1.278, 1
-2.323, 0.375, -0.017, -0.225, 2
-2.449, -0.369, -0.594, 1.195, 0
-2.408, 0.357, -0.562, 1.286, 1
-2.331, 0.376, -0.017, -0.178, 2
-2.449, -0.369, -0.594, 1.195, 0
-2.407, 0.357, -0.562, 1.31, 1
-2.334, 0.376, -0.017, -0.152, 2
-2.447, -0.368, -0.593, 1.211, 0
-2.407, 0.357, -0.562, 1.287, 1
-2.328, 0.376, -0.017, -0.177, 2
-2.449, -0.369, -0.594, 1.195, 0
-2.405, 0.357, -0.561, 1.274, 1
-2.325, 0.375, -0.017, -0.205, 2
-2.445, -0.368, -0.593, 1.241, 0
-2.418, 0.359, -0.565, 1.257, 1
-2.318, 0.374, -0.017, -0.259, 2
-2.45, -0.369, -0.594, 1.249, 0
-2.42, 0.359, -0.566, 1.211, 1
-2.319, 0.374, -0.017, -0.287, 2
-2.447, -0.369, -0.594, 1.2, 0
-2.416, 0.359, -0.565, 1.211, 1
-2.316, 0.374, -0.018, -0.36, 2
-2.443, -0.368, -0.593, 1.2, 0
-2.413, 0.358, -0.565, 1.137, 1
-2.317, 0.374, -0.018, -0.332, 2
-2.444, -0.368, -0.592, 1.207, 0
-2.423, 0.359, -0.565, 1.297, 1
-2.329, 0.375, -0.016, -0.201, 2
-2.438, -0.367, -0.591, 1.222, 0
-2.412, 0.358, -0.563, 1.328, 1
-2.327, 0.375, -0.017, -0.223, 2
-2.45, -0.369, -0.595, 1.259, 0
-2.417, 0.359, -0.565, 1.223, 1
-2.326, 0.375, -0.017, -0.219, 2
-2.447, -0.368, -0.593, 1.211, 0
-2.403, 0.357, -0.561, 1.223, 1
-2.344, 0.378, -0.017, -0.137, 2
-2.446, -0.369, -0.594, 1.239, 0
-2.424, 0.36, -0.567, 1.263, 1
-2.325, 0.375, -0.018, -0.312, 2
-2.45, -0.369, -0.595, 1.206, 0
-2.407, 0.357, -0.564, 1.19, 1
-2.326, 0.375, -0.018, -0.31, 2
-2.441, -0.368, -0.591, 1.242, 0
-2.414, 0.358, -0.563, 1.379, 1
-2.325, 0.375, -0.016, -0.254, 2
-2.446, -0.369, -0.593, 1.229, 0
-2.422, 0.359, -0.566, 1.295, 1
-2.318, 0.374, -0.017, -0.264, 2
-2.442, -0.368, -0.593, 1.216, 0
-2.442, 0.363, -0.571, 1.175, 1
-2.318, 0.374, -0.017, -0.278, 2
-2.447, -0.368, -0.594, 1.203, 0
-2.394, 0.356, -0.559, 1.237, 1
-2.323, 0.375, -0.017, -0.199, 2
-2.439, -0.368, -0.592, 1.257, 0
-2.41, 0.358, -0.563, 1.252, 1
-2.32, 0.374, -0.017, -0.31, 2
-2.449, -0.37, -0.594, 1.171, 0
-2.43, 0.359, -0.568, 1.195, 1
-2.323, 0.374, -0.018, -0.282, 2
-2.438, -0.368, -0.59, 1.252, 0
-2.428, 0.36, -0.567, 1.315, 1
-2.33, 0.376, -0.017, -0.193, 2
-2.451, -0.369, -0.595, 1.228, 0
-2.416, 0.359, -0.564, 1.274, 1
-2.32, 0.374, -0.017, -0.291, 2
-2.446, -0.368, -0.594, 1.199, 0
-2.417, 0.359, -0.565, 1.251, 1
-2.324, 0.375, -0.017, -0.224, 2
-2.453, -0.369, -0.595, 1.228, 0
-2.413, 0.359, -0.564, 1.312, 1
-2.32, 0.374, -0.017, -0.252, 2
-2.434, -0.367, -0.591, 1.216, 0
-2.409, 0.358, -0.563, 1.263, 1
-2.321, 0.374, -0.017, -0.237, 2
-2.438, -0.368, -0.592, 1.173, 0
-2.417, 0.358, -0.566, 1.19, 1
-2.33, 0.376, -0.018, -0.253, 2
-2.444, -0.369, -0.592, 1.195, 0
-2.429, 0.359, -0.568, 1.173, 1
-2.316, 0.373, -0.017, -0.233, 2
-2.453, -0.37, -0.594, 1.315, 0
-2.442, 0.361, -0.57, 1.325, 1
-2.307, 0.372, -0.017, -0.289, 2
-2.437, -0.366, -0.593, 1.235, 0
-2.44, 0.364, -0.571, 1.172, 1
-2.322, 0.375, -0.017, -0.273, 2
-2.436, -0.364, -0.591, 1.195, 0
-2.429, 0.363, -0.566, 1.209, 1
-2.335, 0.378, -0.015, -0.247, 2
-2.445, -0.369, -0.591, 1.214, 0
-2.431, 0.36, -0.567, 1.259, 1
-2.332, 0.376, -0.017, -0.21, 2
-2.425, -0.367, -0.588, 1.203, 0
-2.432, 0.359, -0.57, 1.267, 1
-2.319, 0.374, -0.018, -0.357, 2
-2.448, -0.369, -0.593, 1.217, 0
-2.418, 0.359, -0.564, 1.29, 1
-2.34, 0.378, -0.016, -0.155, 2
-2.447, -0.368, -0.592, 1.177, 0
-2.41, 0.358, -0.561, 1.271, 1
-2.344, 0.378, -0.016, -0.203, 2
-2.46, -0.37, -0.597, 1.264, 0
-2.415, 0.359, -0.565, 1.24, 1
-2.317, 0.374, -0.018, -0.423, 2
-2.446, -0.368, -0.594, 1.179, 0
-2.413, 0.359, -0.565, 1.177, 1
-2.317, 0.374, -0.017, -0.273, 2
-2.444, -0.367, -0.592, 1.209, 0
-2.413, 0.359, -0.563, 1.316, 1
-2.344, 0.378, -0.016, -0.172, 2
-2.438, -0.367, -0.59, 1.243, 0
-2.441, 0.362, -0.569, 1.328, 1
-2.312, 0.373, -0.017, -0.266, 2
-2.439, -0.368, -0.592, 1.183, 0
-2.435, 0.36, -0.57, 1.192, 1
-2.33, 0.376, -0.018, -0.253, 2
-2.449, -0.369, -0.594, 1.195, 0
-2.42, 0.359, -0.566, 1.274, 1
-2.328, 0.376, -0.017, -0.134, 2
-2.434, -0.365, -0.59, 1.258, 0
-2.413, 0.36, -0.562, 1.215, 1
-2.342, 0.378, -0.016, -0.225, 2
-2.453, -0.369, -0.594, 1.193, 0
-2.411, 0.358, -0.563, 1.312, 1
-2.328, 0.376, -0.017, -0.199, 2
-2.438, -0.367, -0.591, 1.229, 0
-2.425, 0.359, -0.566, 1.306, 1
-2.323, 0.375, -0.017, -0.201, 2
-2.443, -0.368, -0.591, 1.185, 0
-2.418, 0.359, -0.564, 1.303, 1
-2.339, 0.377, -0.015, -0.245, 2
-2.457, -0.369, -0.594, 1.191, 0
-2.406, 0.358, -0.56, 1.292, 1
-2.33, 0.376, -0.015, -0.272, 2
-2.438, -0.367, -0.59, 1.239, 0
-2.42, 0.359, -0.565, 1.323, 1
-2.327, 0.375, -0.017, -0.195, 2
-2.443, -0.368, -0.592, 1.196, 0
-2.415, 0.358, -0.563, 1.29, 1
-2.339, 0.378, -0.017, -0.099, 2
-2.426, -0.364, -0.587, 1.223, 0
-2.409, 0.359, -0.562, 1.244, 1
-2.333, 0.377, -0.015, -0.242, 2
